120 23
0 930 461 673 160 119 745 454 96 131 425 593 801 288 237 234 53 511 760 813 505 159 989 125 945 5 700 317 210 492 143 549 424 611 864 304 484 9 709 579 960 202 300 450 844 982 524 731 805 398 856 732 884 894 523 325 788 501 855 823 221 150 322 401 910 496 89 35 253 856 116 205 760 106 114 839 719 667 887 234 735 921 874 940 90 685 926 840 79 580 623 912 755 428 668 402 737 18 168 403 31 860 836 60 9 781 421 899 980 482 902 6 30 397 261 45 39 487 857 345 
930 0 58 808 720 541 464 975 298 513 568 873 463 588 588 234 819 261 171 928 600 903 884 83 726 199 333 404 793 296 852 273 54 901 915 520 690 807 708 955 905 581 522 25 663 408 893 210 90 318 665 12 860 270 389 643 91 857 736 788 571 582 850 31 332 964 795 815 905 946 547 47 763 344 168 701 783 324 122 34 755 129 863 266 237 557 158 848 311 915 788 661 26 434 559 766 586 377 797 559 567 336 744 447 723 434 532 396 170 436 651 966 997 984 88 688 596 461 557 902 
461 58 0 274 198 489 400 919 22 709 496 787 376 972 382 703 496 768 866 214 370 89 869 497 484 61 284 76 565 619 42 630 823 654 523 450 421 291 646 336 157 232 257 986 587 323 680 171 84 788 529 242 564 770 146 764 851 135 281 332 941 687 857 860 620 222 945 884 191 103 307 692 293 261 99 311 26 809 616 656 902 678 179 394 316 958 518 302 559 861 266 183 576 475 427 634 973 735 919 201 6 283 559 732 520 137 88 968 100 340 117 670 887 14 74 833 820 489 540 767 
673 808 274 0 271 428 562 124 321 120 813 130 143 371 710 603 251 644 839 526 574 399 307 241 608 779 876 556 123 77 987 300 158 653 36 146 291 229 509 728 419 714 841 353 531 12 99 871 206 453 853 475 827 794 853 495 737 944 353 481 830 848 207 115 304 193 92 753 562 859 463 647 505 298 104 137 679 241 382 364 40 428 572 306 294 267 839 169 66 604 771 444 370 14 539 176 121 303 63 229 670 119 795 611 602 870 957 142 269 347 373 19 811 742 231 76 630 970 394 782 
160 720 198 271 0 566 481 121 270 247 964 302 959 365 633 567 545 840 11 890 429 125 379 524 858 124 320 399 350 470 19 333 169 132 258 662 931 595 254 159 613 103 790 332 518 681 285 490 999 938 739 152 985 880 728 694 604 209 854 303 450 858 340 644 296 734 686 804 292 906 550 405 955 723 287 982 484 605 813 980 216 471 714 999 245 63 773 120 525 627 345 446 992 706 235 199 499 16 15 995 618 639 951 148 605 32 954 117 70 564 226 455 153 586 545 863 251 261 322 223 
119 541 489 428 566 0 595 623 894 701 224 636 688 295 145 193 208 426 739 327 995 439 702 94 991 121 62 874 986 595 90 72 48 194 122 451 138 188 617 584 303 460 975 160 139 497 932 125 432 304 567 892 169 96 211 116 305 892 828 744 6 348 639 356 242 456 59 1 936 965 219 35 80 628 648 682 477 635 885 310 57 852 88 648 914 705 928 444 503 845 312 273 654 927 739 508 346 130 337 670 384 273 862 643 432 628 229 495 47 805 356 887 654 307 368 299 627 613 474 565 
745 464 400 562 481 595 0 895 907 36 448 752 809 657 238 786 712 312 607 104 592 831 216 273 396 279 785 646 368 26 638 999 925 552 939 654 937 301 108 495 525 103 151 572 740 988 896 188 714 416 353 671 171 241 702 219 386 939 625 525 950 904 983 72 973 860 54 297 556 686 840 22 660 191 152 841 728 654 473 384 662 160 837 611 24 35 189 587 566 926 982 386 444 328 982 55 738 594 519 811 118 737 671 894 788 557 111 740 49 908 602 406 99 134 381 406 929 983 907 401 
454 975 919 124 121 623 895 0 420 536 712 388 9 963 339 332 519 132 601 402 34 389 651 236 901 37 580 903 244 329 554 491 585 6 697 490 432 685 227 384 949 645 562 138 67 802 395 492 634 930 958 232 482 404 969 874 506 43 2 414 119 824 242 79 693 520 886 250 842 567 658 965 668 704 170 701 309 168 135 326 413 522 635 413 405 374 957 337 628 569 709 814 747 630 220 814 12 500 443 26 237 886 851 275 608 744 64 592 688 710 182 828 205 522 73 13 512 718 86 859 
96 298 22 321 270 894 907 420 0 804 182 924 94 465 309 682 541 149 848 251 111 457 724 600 149 316 374 662 781 427 406 800 197 373 619 100 52 278 684 968 376 90 32 763 702 876 754 464 309 723 544 583 752 109 992 835 124 854 781 274 689 10 562 895 834 295 584 936 502 942 346 356 525 56 844 230 536 851 186 40 370 373 645 106 149 568 431 631 441 800 730 100 192 190 812 12 341 366 263 191 290 511 610 144 651 787 921 220 946 522 151 526 181 749 289 874 454 971 609 201 
131 513 709 120 247 701 36 536 804 0 42 248 563 231 618 984 119 338 526 996 581 865 295 755 206 366 797 885 148 518 740 291 527 680 399 520 688 334 773 222 920 900 576 807 203 648 749 676 772 700 399 611 541 350 349 212 695 196 712 468 983 803 174 824 519 898 887 370 136 322 165 992 590 222 392 602 149 223 821 813 391 565 174 651 226 429 238 185 465 950 849 167 465 641 961 51 657 219 709 996 3 66 642 715 669 802 544 274 478 719 519 211 921 42 266 574 794 274 700 741 
425 568 496 813 964 224 448 712 182 42 0 731 83 360 131 210 489 263 171 805 321 133 115 738 184 170 593 40 419 787 978 845 789 987 949 639 880 296 852 483 449 428 714 538 193 105 24 415 697 700 645 149 524 630 456 867 685 666 593 409 987 580 386 486 976 817 373 146 469 86 974 609 907 67 704 759 16 644 25 850 504 342 203 208 786 875 766 995 967 2 446 313 565 87 686 210 715 57 94 374 837 661 443 566 993 213 76 94 429 242 831 868 39 712 838 826 710 744 806 805 
593 873 787 130 302 636 752 388 924 248 731 0 821 2 651 117 351 173 581 409 332 208 989 581 657 251 779 826 442 419 961 72 453 865 651 396 322 788 809 176 535 319 352 58 428 446 471 14 683 406 288 51 41 223 200 356 239 287 516 938 380 188 255 50 245 183 211 944 265 999 644 761 143 882 199 594 358 62 936 25 41 59 544 681 950 508 136 614 536 405 206 533 324 979 620 212 105 570 755 595 670 229 131 409 58 921 154 330 574 535 839 998 45 107 597 425 55 923 470 597 
801 463 376 143 959 688 809 9 94 563 83 821 0 140 443 414 315 180 201 484 572 474 103 40 13 228 814 327 277 441 125 42 261 427 503 743 611 455 227 213 985 244 781 142 878 284 443 723 69 247 218 40 970 933 562 339 440 523 543 556 852 97 387 703 461 661 555 972 369 174 800 673 641 294 848 355 357 843 648 730 659 213 347 246 77 203 428 441 696 28 660 404 948 469 803 991 81 409 235 618 605 242 912 774 252 876 344 582 262 331 506 48 24 156 859 828 389 146 889 650 
288 588 972 371 365 295 657 963 465 231 360 2 140 0 178 107 859 725 706 642 673 777 352 196 40 539 481 842 350 828 255 547 940 558 147 903 669 306 184 547 975 275 232 765 832 787 862 15 289 638 597 343 498 949 582 937 418 358 986 297 603 663 665 759 762 286 899 355 990 148 236 245 872 844 761 203 851 188 303 897 553 527 418 936 985 409 156 937 773 463 939 71 867 624 76 852 388 31 728 123 526 235 355 502 679 555 955 746 240 704 632 789 705 44 296 430 42 73 539 892 
237 588 382 710 633 145 238 339 309 618 131 651 443 178 0 460 8 984 769 37 568 658 57 849 329 175 285 537 242 794 958 480 195 627 816 998 701 561 619 254 103 686 470 780 877 273 889 788 913 597 135 714 871 161 496 632 976 110 557 487 861 885 647 308 318 413 980 826 64 376 202 161 886 371 345 514 768 979 406 20 864 79 54 201 424 912 182 673 38 728 298 41 798 37 991 153 241 779 944 129 190 946 248 840 841 460 984 762 712 356 311 371 311 560 555 505 632 817 18 364 
234 234 703 603 567 193 786 332 682 984 210 117 414 107 460 0 845 554 508 70 775 738 802 958 48 21 553 16 992 714 354 160 680 392 955 246 689 179 862 8 471 1000 802 333 418 360 798 548 992 441 825 646 532 553 286 615 588 260 796 296 902 704 11 439 381 936 470 889 695 304 708 54 327 183 103 99 218 603 207 523 340 571 531 45 821 128 36 974 478 448 800 484 863 516 596 454 189 185 377 819 741 664 890 583 627 725 908 919 987 186 818 39 17 452 544 745 413 182 38 836 
53 819 496 251 545 208 712 519 541 119 489 351 315 859 8 845 0 97 362 833 797 336 329 381 429 614 563 169 367 856 270 838 623 883 70 804 612 191 326 99 300 414 921 428 429 91 518 668 955 592 610 305 155 299 902 528 46 430 822 976 65 80 211 373 155 376 486 520 698 816 820 405 963 190 145 383 982 658 13 693 39 875 627 765 181 243 568 87 438 678 40 572 651 474 655 707 111 150 74 928 403 362 43 984 136 268 616 254 492 929 623 268 747 623 675 904 204 176 242 1000 
511 261 768 644 840 426 312 132 149 338 263 173 180 725 984 554 97 0 190 665 626 369 64 111 847 442 381 15 761 37 656 844 947 972 383 838 156 522 250 736 384 943 694 280 845 552 250 620 415 102 343 963 314 421 447 81 110 572 803 547 302 998 86 793 62 398 721 355 916 312 751 926 407 655 446 55 58 681 55 616 156 114 388 410 170 421 147 489 847 480 172 89 280 104 30 255 498 182 617 539 372 388 693 364 884 733 524 922 61 404 53 718 115 652 272 109 585 706 712 457 
760 171 866 839 11 739 607 601 848 526 171 581 201 706 769 508 362 190 0 537 940 233 747 107 788 524 794 942 131 995 377 331 156 976 926 83 898 400 621 428 972 384 995 515 220 393 429 279 250 895 120 739 118 686 395 23 621 308 488 657 948 229 120 928 662 704 509 352 259 500 657 565 780 890 34 163 213 604 6 299 669 652 631 87 568 184 670 94 318 828 929 488 221 149 286 623 590 185 22 115 317 204 304 702 362 115 936 439 918 209 738 24 221 140 158 298 238 333 978 218 
813 928 214 526 890 327 104 402 251 996 805 409 484 642 37 70 833 665 537 0 734 228 227 856 433 35 658 209 270 928 390 877 963 844 596 899 391 310 318 304 511 966 793 156 801 722 884 162 463 692 487 117 862 360 7 760 955 622 284 803 668 646 556 217 480 706 338 45 684 424 313 297 59 88 601 730 950 962 9 550 971 773 134 345 840 776 410 777 50 100 479 852 393 257 475 797 541 28 96 856 197 113 569 534 521 237 859 104 844 629 747 412 881 40 619 281 943 733 92 64 
505 600 370 574 429 995 592 34 111 581 321 332 572 673 568 775 797 626 940 734 0 872 107 823 130 693 879 120 354 208 2 206 876 25 734 250 710 744 532 532 969 304 693 328 773 701 913 409 135 587 191 224 354 463 739 162 742 458 835 480 702 937 772 766 478 407 349 36 98 469 544 846 341 788 329 999 739 330 763 736 941 332 810 493 958 759 543 606 117 218 650 559 738 570 438 641 861 719 721 122 548 324 296 295 565 398 913 21 493 58 914 599 565 874 958 104 768 584 518 533 
159 903 89 399 125 439 831 389 457 865 133 208 474 777 658 738 336 369 233 228 872 0 14 145 55 375 431 344 50 463 56 482 318 218 490 830 265 641 314 875 27 672 295 566 644 761 700 52 703 774 250 655 120 585 522 48 981 964 833 885 613 628 918 352 309 551 931 398 381 907 591 600 454 243 486 924 184 750 867 846 816 737 452 577 253 669 56 382 562 376 72 208 83 297 132 131 569 864 457 330 28 385 723 596 181 44 481 596 718 862 414 375 773 744 998 848 278 961 358 237 
989 884 869 307 379 702 216 651 724 295 115 989 103 352 57 802 329 64 747 227 107 14 0 137 678 355 722 371 399 212 758 674 413 230 817 42 631 370 525 397 399 778 432 383 158 518 902 752 61 90 855 9 898 502 348 248 952 965 223 341 626 499 314 903 973 992 944 711 468 516 692 495 647 948 677 269 463 186 825 633 467 509 876 710 187 885 88 639 295 265 900 810 438 162 22 240 831 63 683 780 982 476 40 72 144 645 963 420 368 250 688 2 260 613 80 101 797 237 471 258 
125 83 497 241 524 94 273 236 600 755 738 581 40 196 849 958 381 111 107 856 823 145 137 0 820 697 333 548 58 199 242 370 794 341 898 443 528 891 154 926 261 598 315 831 232 372 173 146 253 340 526 354 965 614 154 255 656 780 490 277 478 434 479 682 180 302 345 349 725 731 261 61 384 615 148 454 178 41 103 56 773 205 166 94 193 399 431 985 948 109 732 675 452 522 375 268 826 1000 668 600 457 295 224 681 916 582 268 189 92 575 442 424 664 300 838 401 248 305 239 4 
945 726 484 608 858 991 396 901 149 206 184 657 13 40 329 48 429 847 788 433 130 55 678 820 0 855 361 810 369 502 945 714 924 83 67 404 751 874 210 553 195 274 463 871 894 631 120 294 649 285 297 276 805 163 373 156 72 554 288 865 942 915 13 422 148 818 713 980 811 393 428 393 214 892 301 543 376 214 651 905 829 511 446 100 292 236 970 398 153 235 723 429 931 744 863 562 142 414 727 712 240 694 234 533 555 219 216 261 399 25 968 659 769 733 573 823 299 33 793 825 
5 199 61 779 124 121 279 37 316 366 170 251 228 539 175 21 614 442 524 35 693 375 355 697 855 0 413 105 574 426 823 807 462 343 810 769 475 808 953 726 238 402 233 719 407 395 677 17 703 83 973 856 85 848 717 384 868 934 221 387 830 168 61 688 604 109 760 297 903 367 318 700 378 68 471 874 150 703 879 905 314 844 653 303 965 470 890 383 547 866 151 320 556 359 38 736 911 348 303 928 532 378 155 95 923 242 693 179 801 333 626 173 87 750 719 11 775 872 616 392 
700 333 284 876 320 62 785 580 374 797 593 779 814 481 285 553 563 381 794 658 879 431 722 333 361 413 0 511 400 978 156 896 95 105 67 834 688 453 107 465 722 739 656 465 274 526 145 792 826 493 68 137 748 789 432 656 130 145 37 770 958 681 166 72 859 560 560 653 898 928 795 379 167 795 391 930 154 800 300 635 113 8 603 406 927 180 536 325 209 180 212 660 601 441 634 384 529 660 864 472 885 147 468 532 375 505 577 568 516 550 187 918 514 650 558 666 517 914 807 78 
317 404 76 556 399 874 646 903 662 885 40 826 327 842 537 16 169 15 942 209 120 344 371 548 810 105 511 0 966 879 75 847 31 645 860 211 370 610 388 229 701 234 118 760 899 501 753 959 630 11 364 309 741 855 478 516 888 716 244 790 148 850 48 325 590 880 162 9 41 572 312 685 536 15 252 476 180 869 727 10 411 623 406 554 897 9 673 382 550 15 364 914 392 157 822 414 261 937 872 313 587 660 578 431 719 20 895 672 550 150 570 957 411 31 901 475 475 453 218 520 
210 793 565 123 350 986 368 244 781 148 419 442 277 350 242 992 367 761 131 270 354 50 399 58 369 574 400 966 0 154 941 196 480 226 315 351 766 670 812 336 735 448 939 895 888 724 482 586 917 234 335 621 365 825 78 456 976 358 480 957 14 493 330 289 97 70 294 856 358 80 701 917 965 454 431 738 302 161 337 378 358 346 870 483 124 488 816 691 36 821 335 495 774 499 717 704 951 232 517 823 496 396 6 996 774 822 107 347 750 785 224 841 723 890 654 25 455 875 495 242 
492 296 619 77 470 595 26 329 427 518 787 419 441 828 794 714 856 37 995 928 208 463 212 199 502 426 978 879 154 0 712 529 220 207 540 244 345 19 808 914 857 4 813 164 331 965 8 164 895 727 134 487 485 63 315 763 40 381 906 102 573 763 141 537 287 230 881 944 157 329 12 204 645 417 274 570 482 236 592 481 673 650 186 303 165 644 16 748 831 952 354 926 706 921 537 291 641 469 192 951 799 241 482 86 661 344 166 443 469 233 529 163 274 653 468 407 13 701 287 525 
143 852 42 987 19 90 638 554 406 740 978 961 125 255 958 354 270 656 377 390 2 56 758 242 945 823 156 75 941 712 0 287 403 2 745 757 400 192 628 341 593 697 762 622 882 719 430 140 334 110 248 506 399 901 993 483 38 365 115 480 866 166 659 118 667 385 596 791 897 477 776 400 38 448 11 678 891 800 1000 770 201 53 95 10 189 868 145 39 875 96 881 721 289 269 609 489 940 362 157 75 130 841 353 783 5 325 476 724 425 381 448 693 26 267 732 599 77 667 180 634 
549 273 630 300 333 72 999 491 800 291 845 72 42 547 480 160 838 844 331 877 206 482 674 370 714 807 896 847 196 529 287 0 995 703 304 594 634 792 722 17 685 121 749 81 826 810 367 408 461 37 72 220 156 695 318 501 155 358 550 96 550 614 53 913 1000 60 119 659 79 507 239 774 630 181 330 482 734 989 217 146 137 120 857 327 271 555 46 243 197 255 577 528 113 102 110 473 254 867 206 181 320 765 289 283 770 387 502 157 613 61 694 822 533 940 30 912 472 350 955 419 
424 54 823 158 169 48 925 585 197 527 789 453 261 940 195 680 623 947 156 963 876 318 413 794 924 462 95 31 480 220 403 995 0 31 218 485 122 285 604 84 866 888 653 581 127 567 495 893 520 364 910 506 186 242 787 978 214 910 688 930 543 979 49 261 982 798 834 585 312 600 671 101 597 799 775 405 167 548 205 961 917 937 254 222 851 413 7 640 53 300 385 34 491 525 197 72 339 906 18 830 731 610 929 680 121 647 417 977 675 504 980 295 356 281 246 174 641 935 638 642 
611 901 654 653 132 194 552 6 373 680 987 865 427 558 627 392 883 972 976 844 25 218 230 341 83 343 105 645 226 207 2 703 31 0 23 496 881 965 733 362 920 384 350 30 15 812 219 881 87 725 851 862 592 737 726 193 482 587 173 452 46 525 244 631 675 337 760 58 853 481 945 253 919 84 327 109 395 763 817 995 928 536 149 635 142 267 101 889 955 420 158 771 138 78 554 343 191 467 855 314 805 485 510 481 476 950 37 347 59 559 769 548 314 800 333 927 736 287 283 379 
864 915 523 36 258 122 939 697 619 399 949 651 503 147 816 955 70 383 926 596 734 490 817 898 67 810 67 860 315 540 745 304 218 23 0 216 269 553 827 337 277 666 924 339 166 851 354 72 19 511 841 448 652 698 216 234 714 523 156 188 596 672 461 872 660 457 969 666 495 55 473 783 207 880 246 349 958 245 36 814 264 737 648 274 749 984 451 476 382 729 445 567 395 390 728 875 389 512 480 278 356 811 829 949 593 699 195 528 759 486 982 22 544 677 727 968 691 18 54 670 
304 520 450 146 662 451 654 490 100 520 639 396 743 903 998 246 804 838 83 899 250 830 42 443 404 769 834 211 351 244 757 594 485 496 216 0 360 242 61 549 55 662 983 899 617 42 246 608 996 425 278 631 802 827 674 263 874 978 582 513 322 525 424 123 818 380 293 28 83 119 664 309 829 618 247 925 629 340 119 787 450 950 471 956 841 173 600 17 999 75 990 933 204 179 597 910 363 102 701 90 630 619 929 100 358 339 309 763 848 405 466 526 646 895 324 378 357 849 908 334 
484 690 421 291 931 138 937 432 52 688 880 322 611 669 701 689 612 156 898 391 710 265 631 528 751 475 688 370 766 345 400 634 122 881 269 360 0 220 87 125 756 934 238 621 79 446 667 76 725 717 206 547 253 673 863 719 52 841 939 171 114 401 222 19 681 637 170 545 833 16 275 672 284 397 5 386 958 81 15 483 129 704 547 226 179 198 177 797 258 313 347 631 416 423 344 2 974 610 654 478 214 254 856 83 647 620 486 300 451 171 535 251 828 588 510 688 364 745 223 627 
9 807 291 229 595 188 301 685 278 334 296 788 455 306 561 179 191 522 400 310 744 641 370 891 874 808 453 610 670 19 192 792 285 965 553 242 220 0 675 111 736 760 878 310 130 986 698 846 21 685 252 193 998 575 805 771 392 283 44 509 73 978 674 9 169 671 376 519 896 57 426 221 917 987 522 552 900 951 617 554 197 164 803 482 821 129 542 155 133 773 796 780 925 522 847 248 799 930 856 115 44 704 460 773 405 259 950 528 428 139 829 585 307 925 800 162 400 494 475 222 
709 708 646 509 254 617 108 227 684 773 852 809 227 184 619 862 326 250 621 318 532 314 525 154 210 953 107 388 812 808 628 722 604 733 827 61 87 675 0 827 723 350 559 841 12 858 225 879 232 529 517 469 947 557 33 416 35 340 508 940 60 755 430 684 996 254 662 764 183 45 559 292 601 922 312 26 840 544 502 91 364 193 102 923 933 324 412 870 293 449 654 117 490 148 220 859 420 254 804 893 476 523 898 49 392 309 395 135 664 70 280 321 126 727 635 116 574 195 458 392 
579 955 336 728 159 584 495 384 968 222 483 176 213 547 254 8 99 736 428 304 532 875 397 926 553 726 465 229 336 914 341 17 84 362 337 549 125 111 827 0 524 614 17 93 470 86 729 571 256 968 800 721 416 9 106 323 596 886 55 279 407 929 403 655 334 88 275 707 548 434 863 308 736 747 540 452 306 978 368 758 576 640 251 135 816 430 196 43 229 605 430 21 260 943 353 387 821 309 568 310 298 132 457 646 453 340 55 235 570 558 192 564 472 596 152 975 250 540 319 840 
960 905 157 419 613 303 525 949 376 920 449 535 985 975 103 471 300 384 972 511 969 27 399 261 195 238 722 701 735 857 593 685 866 920 277 55 756 736 723 524 0 820 996 547 375 676 263 255 10 433 505 454 492 33 207 212 141 712 463 285 935 100 892 894 335 48 235 886 34 60 924 765 48 418 168 326 813 377 365 873 222 35 865 261 772 727 408 240 228 70 763 846 497 999 370 810 620 426 39 227 60 354 992 968 705 584 809 576 254 348 56 612 924 504 658 708 625 120 310 793 
202 581 232 714 103 460 103 645 90 900 428 319 244 275 686 1000 414 943 384 966 304 672 778 598 274 402 739 234 448 4 697 121 888 384 666 662 934 760 350 614 820 0 46 595 467 242 319 637 714 915 171 741 565 339 752 4 985 502 551 396 183 998 76 843 470 519 220 735 232 906 475 719 317 266 437 874 378 868 254 648 970 825 944 147 449 780 761 650 970 78 30 449 134 181 107 377 69 278 416 639 11 356 702 794 660 191 947 9 879 9 607 932 516 797 97 811 405 494 695 695 
300 522 257 841 790 975 151 562 32 576 714 352 781 232 470 802 921 694 995 793 693 295 432 315 463 233 656 118 939 813 762 749 653 350 924 983 238 878 559 17 996 46 0 843 553 288 850 82 607 628 734 644 218 23 140 499 950 639 382 400 245 823 615 931 844 135 656 56 728 992 916 227 818 112 309 328 920 177 227 27 648 374 963 314 306 754 180 278 968 570 287 424 242 18 827 70 439 51 250 623 156 194 662 784 481 525 427 977 317 248 717 547 567 532 378 524 150 525 717 7 
450 25 986 353 332 160 572 138 763 807 538 58 142 765 780 333 428 280 515 156 328 566 383 831 871 719 465 760 895 164 622 81 581 30 339 899 621 310 841 93 547 595 843 0 85 736 76 449 137 187 292 415 752 19 412 577 260 471 263 25 599 398 751 170 17 759 979 797 517 744 559 50 1000 456 722 423 363 327 83 20 29 686 175 660 631 156 105 607 859 794 950 976 682 149 748 116 440 668 183 510 542 105 352 995 744 870 183 342 257 488 408 507 153 577 154 77 816 33 556 730 
844 663 587 531 518 139 740 67 702 203 193 428 878 832 877 418 429 845 220 801 773 644 158 232 894 407 274 899 888 331 882 826 127 15 166 617 79 130 12 470 375 467 553 85 0 413 336 969 743 629 151 648 852 142 638 17 1000 575 160 867 789 913 292 106 659 611 318 915 113 888 623 425 518 936 673 261 291 21 476 581 509 729 728 452 241 821 35 685 156 443 911 482 192 678 452 508 345 660 867 236 865 753 293 699 412 512 554 979 964 426 794 63 534 665 157 921 977 316 927 903 
982 408 323 12 681 497 988 802 876 648 105 446 284 787 273 360 91 552 393 722 701 761 518 372 631 395 526 501 724 965 719 810 567 812 851 42 446 986 858 86 676 242 288 736 413 0 445 861 811 840 291 850 280 425 451 30 140 767 621 405 756 202 765 955 606 734 750 9 74 709 159 505 669 585 580 607 86 908 915 435 767 848 501 881 913 908 104 738 94 670 65 645 886 677 164 566 211 819 977 793 301 827 799 713 449 740 400 813 987 449 190 663 137 679 567 864 689 22 512 190 
524 893 680 99 285 932 896 395 754 749 24 471 443 862 889 798 518 250 429 884 913 700 902 173 120 677 145 753 482 8 430 367 495 219 354 246 667 698 225 729 263 319 850 76 336 445 0 640 872 711 413 259 381 771 537 207 789 305 440 666 740 951 141 634 444 613 195 808 790 471 931 737 774 559 532 148 851 958 185 642 67 900 791 156 87 328 953 883 466 718 253 562 789 189 31 313 525 226 154 431 714 541 518 830 837 878 258 36 491 806 911 915 714 800 999 557 84 156 785 980 
731 210 171 871 490 125 188 492 464 676 415 14 723 15 788 548 668 620 279 162 409 52 752 146 294 17 792 959 586 164 140 408 893 881 72 608 76 846 879 571 255 637 82 449 969 861 640 0 939 530 178 585 329 163 18 529 575 70 233 439 517 757 593 137 839 251 59 300 55 496 947 231 36 410 399 151 178 151 898 695 560 384 799 534 731 605 126 281 950 808 113 121 12 57 215 829 16 734 587 91 672 547 262 312 25 555 496 325 687 790 48 677 949 249 341 412 382 321 770 516 
805 90 84 206 999 432 714 634 309 772 697 683 69 289 913 992 955 415 250 463 135 703 61 253 649 703 826 630 917 895 334 461 520 87 19 996 725 21 232 256 10 714 607 137 743 811 872 939 0 773 930 618 467 526 955 334 533 870 712 141 763 488 556 216 834 436 889 931 172 448 127 878 28 991 424 671 423 683 198 754 138 933 753 711 170 903 544 791 325 168 897 655 872 661 199 561 426 790 893 490 487 812 793 926 302 835 535 295 977 53 201 276 3 84 422 497 628 503 497 318 
398 318 788 453 938 304 416 930 723 700 700 406 247 638 597 441 592 102 895 692 587 774 90 340 285 83 493 11 234 727 110 37 364 725 511 425 717 685 529 968 433 915 628 187 629 840 711 530 773 0 739 943 328 707 179 367 228 438 671 375 878 96 768 647 1000 619 508 897 536 360 685 925 371 922 919 646 913 222 940 200 62 536 759 494 376 514 648 798 476 379 105 242 981 816 218 335 536 272 107 860 711 655 362 748 830 670 649 804 27 269 910 385 66 958 822 386 736 935 444 161 
856 665 529 853 739 567 353 958 544 399 645 288 218 597 135 825 610 343 120 487 191 250 855 526 297 973 68 364 335 134 248 72 910 851 841 278 206 252 517 800 505 171 734 292 151 291 413 178 930 739 0 851 307 216 210 169 855 740 774 767 94 14 670 669 608 25 987 775 887 907 510 394 167 43 963 916 987 820 448 433 469 937 677 341 535 445 863 236 559 943 379 639 184 595 539 350 289 897 122 483 333 363 479 472 581 549 357 596 916 97 777 821 255 700 586 13 767 189 551 805 
732 12 242 475 152 892 671 232 583 611 149 51 40 343 714 646 305 963 739 117 224 655 9 354 276 856 137 309 621 487 506 220 506 862 448 631 547 193 469 721 454 741 644 415 648 850 259 585 618 943 851 0 416 138 78 673 531 673 948 20 406 401 649 310 156 637 195 549 319 341 505 666 932 449 732 579 73 508 141 9 97 794 389 325 53 338 318 971 14 519 638 275 311 164 81 688 897 304 905 739 329 35 858 267 107 128 941 718 344 340 612 553 12 562 256 76 240 260 58 211 
884 860 564 827 985 169 171 482 752 541 524 41 970 498 871 532 155 314 118 862 354 120 898 965 805 85 748 741 365 485 399 156 186 592 652 802 253 998 947 416 492 565 218 752 852 280 381 329 467 328 307 416 0 405 863 621 38 995 17 943 128 486 893 624 985 700 948 386 118 409 837 297 574 130 379 283 944 386 747 801 165 884 325 776 652 363 883 170 560 90 994 779 221 244 883 128 57 662 102 573 514 693 733 957 813 132 9 455 560 487 556 434 526 37 657 463 129 441 213 828 
894 270 770 794 880 96 241 404 109 350 630 223 933 949 161 553 299 421 686 360 463 585 502 614 163 848 789 855 825 63 901 695 242 737 698 827 673 575 557 9 33 339 23 19 142 425 771 163 526 707 216 138 405 0 421 867 331 148 632 883 708 965 554 584 224 418 330 706 425 346 429 694 819 445 858 971 151 333 923 887 82 627 54 80 938 401 528 240 468 623 107 505 757 444 904 977 740 438 19 86 975 152 743 798 600 584 373 887 645 442 946 767 129 292 420 614 599 960 117 762 
523 389 146 853 728 211 702 969 992 349 456 200 562 582 496 286 902 447 395 7 739 522 348 154 373 717 432 478 78 315 993 318 787 726 216 674 863 805 33 106 207 752 140 412 638 451 537 18 955 179 210 78 863 421 0 48 794 471 604 368 641 362 492 783 663 611 362 901 330 404 68 346 220 717 671 104 469 15 147 31 996 795 267 189 844 752 628 917 267 624 63 836 399 11 921 186 641 714 951 171 102 392 770 256 716 581 154 548 889 378 640 725 794 329 152 151 656 325 672 124 
325 643 764 495 694 116 219 874 835 212 867 356 339 937 632 615 528 81 23 760 162 48 248 255 156 384 656 516 456 763 483 501 978 193 234 263 719 771 416 323 212 4 499 577 17 30 207 529 334 367 169 673 621 867 48 0 662 547 157 407 323 762 197 486 433 516 164 208 953 11 807 730 450 734 556 951 942 110 998 849 256 747 274 387 266 56 370 921 616 298 549 280 787 357 392 925 617 782 200 886 635 897 726 371 818 23 485 239 634 115 115 745 467 353 528 246 806 493 838 765 
788 91 851 737 604 305 386 506 124 695 685 239 440 418 976 588 46 110 621 955 742 981 952 656 72 868 130 888 976 40 38 155 214 482 714 874 52 392 35 596 141 985 950 260 1000 140 789 575 533 228 855 531 38 331 794 662 0 781 12 297 608 931 361 721 447 288 854 150 535 166 10 713 988 230 373 944 290 736 124 25 460 31 29 701 536 679 512 833 313 826 904 846 497 657 171 538 697 54 655 996 936 828 643 596 589 110 787 323 938 785 697 904 740 62 236 469 513 549 318 752 
501 857 135 944 209 892 939 43 854 196 666 287 523 358 110 260 430 572 308 622 458 964 965 780 554 934 145 716 358 381 365 358 910 587 523 978 841 283 340 886 712 502 639 471 575 767 305 70 870 438 740 673 995 148 471 547 781 0 427 433 267 32 6 635 11 338 26 41 684 610 323 171 412 841 389 900 347 405 967 83 223 65 38 195 11 400 888 349 444 632 173 303 471 84 147 302 933 755 488 888 17 753 385 8 266 558 803 58 212 363 117 700 918 965 508 577 972 951 828 275 
855 736 281 353 854 828 625 2 781 712 593 516 543 986 557 796 822 803 488 284 835 833 223 490 288 221 37 244 480 906 115 550 688 173 156 582 939 44 508 55 463 551 382 263 160 621 440 233 712 671 774 948 17 632 604 157 12 427 0 750 153 817 148 963 619 884 858 817 568 838 752 311 80 262 420 478 495 452 55 621 759 79 468 825 200 9 873 314 470 948 791 426 634 832 700 273 646 138 270 373 692 535 305 799 133 549 753 652 41 157 380 888 548 498 988 818 508 100 261 808 
823 788 332 481 303 744 525 414 274 468 409 938 556 297 487 296 976 547 657 803 480 885 341 277 865 387 770 790 957 102 480 96 930 452 188 513 171 509 940 279 285 396 400 25 867 405 666 439 141 375 767 20 943 883 368 407 297 433 750 0 198 319 624 987 35 890 705 3 565 778 270 135 185 743 734 294 348 293 616 718 227 945 537 408 74 972 624 597 767 47 438 807 263 467 769 279 955 871 925 837 164 630 356 469 246 327 742 185 50 994 888 936 723 44 44 653 73 52 507 691 
221 571 941 830 450 6 950 119 689 983 987 380 852 603 861 902 65 302 948 668 702 613 626 478 942 830 958 148 14 573 866 550 543 46 596 322 114 73 60 407 935 183 245 599 789 756 740 517 763 878 94 406 128 708 641 323 608 267 153 198 0 995 816 613 239 686 366 485 476 637 853 136 536 626 471 791 568 212 855 548 441 454 605 711 893 842 887 438 173 671 243 533 456 351 77 514 611 379 448 298 79 962 121 131 940 520 33 606 452 563 599 886 607 667 535 493 505 534 108 269 
150 582 687 848 858 348 904 824 10 803 580 188 97 663 885 704 80 998 229 646 937 628 499 434 915 168 681 850 493 763 166 614 979 525 672 525 401 978 755 929 100 998 823 398 913 202 951 757 488 96 14 401 486 965 362 762 931 32 817 319 995 0 596 383 2 366 78 134 205 382 9 142 596 998 916 451 161 719 965 809 998 594 971 920 535 5 808 685 641 907 15 393 546 102 628 118 739 431 569 785 274 976 96 668 145 642 147 269 664 725 608 844 5 315 801 42 340 672 747 396 
322 850 857 207 340 639 983 242 562 174 386 255 387 665 647 11 211 86 120 556 772 918 314 479 13 61 166 48 330 141 659 53 49 244 461 424 222 674 430 403 892 76 615 751 292 765 141 593 556 768 670 649 893 554 492 197 361 6 148 624 816 596 0 237 893 994 652 242 520 55 172 819 922 771 886 66 567 113 540 886 553 256 219 521 986 941 370 642 97 448 832 396 167 705 579 89 656 342 185 441 121 739 234 557 799 353 157 63 947 881 232 60 317 57 745 830 361 117 520 455 
401 31 860 115 644 356 72 79 895 824 486 50 703 759 308 439 373 793 928 217 766 352 903 682 422 688 72 325 289 537 118 913 261 631 872 123 19 9 684 655 894 843 931 170 106 955 634 137 216 647 669 310 624 584 783 486 721 635 963 987 613 383 237 0 31 246 331 786 288 539 901 416 666 288 506 590 517 621 384 224 785 812 460 451 418 798 107 364 788 693 931 888 718 365 818 939 974 354 721 300 346 688 923 891 660 387 771 340 338 719 90 43 371 475 799 119 801 838 420 947 
910 332 620 304 296 242 973 693 834 519 976 245 461 762 318 381 155 62 662 480 478 309 973 180 148 604 859 590 97 287 667 1000 982 675 660 818 681 169 996 334 335 470 844 17 659 606 444 839 834 1000 608 156 985 224 663 433 447 11 619 35 239 2 893 31 0 86 633 504 200 944 994 179 543 548 765 326 426 170 165 95 638 639 524 774 546 228 131 214 190 813 494 317 658 433 557 317 410 595 676 829 469 943 389 909 671 143 294 609 359 103 564 758 236 871 911 954 263 846 32 5 
496 964 222 193 734 456 860 520 295 898 817 183 661 286 413 936 376 398 704 706 407 551 992 302 818 109 560 880 70 230 385 60 798 337 457 380 637 671 254 88 48 519 135 759 611 734 613 251 436 619 25 637 700 418 611 516 288 338 884 890 686 366 994 246 86 0 794 131 851 297 365 163 86 834 808 965 947 913 606 631 15 703 678 913 588 175 996 4 57 141 717 889 87 386 752 869 675 105 938 113 357 166 238 360 136 896 649 112 902 403 720 943 414 649 873 777 122 768 936 249 
89 795 945 92 686 59 54 886 584 887 373 211 555 899 980 470 486 721 509 338 349 931 944 345 713 760 560 162 294 881 596 119 834 760 969 293 170 376 662 275 235 220 656 979 318 750 195 59 889 508 987 195 948 330 362 164 854 26 858 705 366 78 652 331 633 794 0 393 369 566 492 923 788 477 987 391 547 656 312 649 487 978 907 995 323 896 218 323 588 128 826 206 223 519 422 196 275 483 728 898 453 720 744 613 519 103 909 590 753 939 46 194 968 990 200 530 821 961 729 321 
35 815 884 753 804 1 297 250 936 370 146 944 972 355 826 889 520 355 352 45 36 398 711 349 980 297 653 9 856 944 791 659 585 58 666 28 545 519 764 707 886 735 56 797 915 9 808 300 931 897 775 549 386 706 901 208 150 41 817 3 485 134 242 786 504 131 393 0 396 347 247 91 295 830 297 942 722 644 846 480 296 570 974 684 577 501 355 761 536 727 398 286 453 382 156 186 989 714 359 335 396 98 185 844 122 975 619 317 275 126 527 621 692 961 780 988 603 743 65 467 
253 905 191 562 292 936 556 842 502 136 469 265 369 990 64 695 698 916 259 684 98 381 468 725 811 903 898 41 358 157 897 79 312 853 495 83 833 896 183 548 34 232 728 517 113 74 790 55 172 536 887 319 118 425 330 953 535 684 568 565 476 205 520 288 200 851 369 396 0 101 916 218 48 932 965 202 985 316 474 86 131 798 305 636 322 355 75 372 108 241 343 206 384 326 190 21 706 875 104 792 355 42 353 121 429 530 252 284 528 182 15 154 804 453 96 612 456 32 205 302 
856 946 103 859 906 965 686 567 942 322 86 999 174 148 376 304 816 312 500 424 469 907 516 731 393 367 928 572 80 329 477 507 600 481 55 119 16 57 45 434 60 906 992 744 888 709 471 496 448 360 907 341 409 346 404 11 166 610 838 778 637 382 55 539 944 297 566 347 101 0 931 70 411 838 409 773 6 824 347 316 64 305 145 344 839 488 209 518 461 863 994 857 564 73 779 851 801 141 258 584 393 924 227 350 148 890 913 498 615 583 749 486 304 390 637 383 130 466 995 303 
116 547 307 463 550 219 840 658 346 165 974 644 800 236 202 708 820 751 657 313 544 591 692 261 428 318 795 312 701 12 776 239 671 945 473 664 275 426 559 863 924 475 916 559 623 159 931 947 127 685 510 505 837 429 68 807 10 323 752 270 853 9 172 901 994 365 492 247 916 931 0 512 916 141 503 802 617 805 125 954 264 817 833 620 517 267 810 75 347 693 858 671 955 77 587 710 848 711 926 931 966 221 437 29 934 304 170 861 828 964 46 292 41 300 990 818 124 151 320 419 
205 47 692 647 405 35 22 965 356 992 609 761 673 245 161 54 405 926 565 297 846 600 495 61 393 700 379 685 917 204 400 774 101 253 783 309 672 221 292 308 765 719 227 50 425 505 737 231 878 925 394 666 297 694 346 730 713 171 311 135 136 142 819 416 179 163 923 91 218 70 512 0 710 124 100 286 863 824 462 370 494 322 130 905 665 151 608 337 926 397 801 328 13 661 27 753 545 954 659 876 558 805 891 106 992 157 361 21 498 812 595 575 160 504 542 664 8 875 648 468 
760 763 293 505 955 80 660 668 525 590 907 143 641 872 886 327 963 407 780 59 341 454 647 384 214 378 167 536 965 645 38 630 597 919 207 829 284 917 601 736 48 317 818 1000 518 669 774 36 28 371 167 932 574 819 220 450 988 412 80 185 536 596 922 666 543 86 788 295 48 411 916 710 0 414 910 230 242 743 634 123 482 867 100 830 634 393 985 674 769 726 324 669 893 314 192 109 820 694 372 101 775 203 313 528 153 437 914 179 95 856 945 27 824 111 143 890 885 972 274 961 
106 344 261 298 723 628 191 704 56 222 67 882 294 844 371 183 190 655 890 88 788 243 948 615 892 68 795 15 454 417 448 181 799 84 880 618 397 987 922 747 418 266 112 456 936 585 559 410 991 922 43 449 130 445 717 734 230 841 262 743 626 998 771 288 548 834 477 830 932 838 141 124 414 0 742 959 733 944 371 31 440 768 802 960 115 135 759 224 213 361 829 550 56 263 834 455 988 75 328 399 560 611 376 402 84 184 62 252 71 994 377 636 362 979 423 835 2 365 87 812 
114 168 99 104 287 648 152 170 844 392 704 199 848 761 345 103 145 446 34 601 329 486 677 148 301 471 391 252 431 274 11 330 775 327 246 247 5 522 312 540 168 437 309 722 673 580 532 399 424 919 963 732 379 858 671 556 373 389 420 734 471 916 886 506 765 808 987 297 965 409 503 100 910 742 0 149 399 634 824 563 986 858 911 481 241 747 867 910 159 805 556 655 917 469 683 604 520 287 382 94 786 786 215 381 901 187 472 526 36 410 843 239 745 17 856 473 142 36 667 830 
839 701 311 137 982 682 841 701 230 602 759 594 355 203 514 99 383 55 163 730 999 924 269 454 543 874 930 476 738 570 678 482 405 109 349 925 386 552 26 452 326 874 328 423 261 607 148 151 671 646 916 579 283 971 104 951 944 900 478 294 791 451 66 590 326 965 391 942 202 773 802 286 230 959 149 0 89 827 71 53 873 408 847 174 113 929 784 97 876 197 9 676 243 438 476 576 806 704 710 465 824 618 192 341 34 355 968 33 347 46 354 175 907 25 853 202 254 584 626 162 
719 783 26 679 484 477 728 309 536 149 16 358 357 851 768 218 982 58 213 950 739 184 463 178 376 150 154 180 302 482 891 734 167 395 958 629 958 900 840 306 813 378 920 363 291 86 851 178 423 913 987 73 944 151 469 942 290 347 495 348 568 161 567 517 426 947 547 722 985 6 617 863 242 733 399 89 0 576 168 143 392 284 171 860 358 384 763 41 202 400 418 85 788 815 63 952 312 271 21 572 745 14 170 325 689 314 988 958 407 854 412 559 108 304 673 428 761 584 539 970 
667 324 809 241 605 635 654 168 851 223 644 62 843 188 979 603 658 681 604 962 330 750 186 41 214 703 800 869 161 236 800 989 548 763 245 340 81 951 544 978 377 868 177 327 21 908 958 151 683 222 820 508 386 333 15 110 736 405 452 293 212 719 113 621 170 913 656 644 316 824 805 824 743 944 634 827 576 0 988 541 629 965 848 23 727 819 537 587 265 662 316 328 396 403 211 557 328 93 278 318 844 213 485 977 182 747 500 363 686 144 941 205 914 531 882 837 114 784 657 414 
887 122 616 382 813 885 473 135 186 821 25 936 648 303 406 207 13 55 6 9 763 867 825 103 651 879 300 727 337 592 1000 217 205 817 36 119 15 617 502 368 365 254 227 83 476 915 185 898 198 940 448 141 747 923 147 998 124 967 55 616 855 965 540 384 165 606 312 846 474 347 125 462 634 371 824 71 168 988 0 243 325 266 127 960 745 924 135 245 611 552 217 585 77 261 366 890 152 120 818 563 728 754 240 393 744 577 75 195 76 699 260 374 28 805 828 821 522 562 93 834 
234 34 656 364 980 310 384 326 40 813 850 25 730 897 20 523 693 616 299 550 736 846 633 56 905 905 635 10 378 481 770 146 961 995 814 787 483 554 91 758 873 648 27 20 581 435 642 695 754 200 433 9 801 887 31 849 25 83 621 718 548 809 886 224 95 631 649 480 86 316 954 370 123 31 563 53 143 541 243 0 358 330 440 957 140 251 925 942 741 994 185 230 401 701 386 635 834 952 197 145 943 767 25 28 2 970 987 642 420 437 365 641 445 43 518 485 406 350 499 436 
735 755 902 40 216 57 662 413 370 391 504 41 659 553 864 340 39 156 669 971 941 816 467 773 829 314 113 411 358 673 201 137 917 928 264 450 129 197 364 576 222 970 648 29 509 767 67 560 138 62 469 97 165 82 996 256 460 223 759 227 441 998 553 785 638 15 487 296 131 64 264 494 482 440 986 873 392 629 325 358 0 380 321 842 452 357 632 271 664 293 350 304 340 644 45 999 530 245 624 304 787 644 438 775 667 249 451 621 899 895 528 323 422 701 131 309 695 309 977 417 
921 129 678 428 471 852 160 522 373 565 342 59 213 527 79 571 875 114 652 773 332 737 509 205 511 844 8 623 346 650 53 120 937 536 737 950 704 164 193 640 35 825 374 686 729 848 900 384 933 536 937 794 884 627 795 747 31 65 79 945 454 594 256 812 639 703 978 570 798 305 817 322 867 768 858 408 284 965 266 330 380 0 957 883 446 138 362 459 793 861 158 522 461 616 327 912 35 40 366 412 641 562 131 640 837 23 906 98 281 243 129 483 743 234 444 628 241 79 994 679 
874 863 179 572 714 88 837 635 645 174 203 544 347 418 54 531 627 388 631 134 810 452 876 166 446 653 603 406 870 186 95 857 254 149 648 471 547 803 102 251 865 944 963 175 728 501 791 799 753 759 677 389 325 54 267 274 29 38 468 537 605 971 219 460 524 678 907 974 305 145 833 130 100 802 911 847 171 848 127 440 321 957 0 351 684 143 362 1 903 31 458 272 766 643 842 29 790 315 693 405 615 844 734 455 444 629 619 515 24 508 819 63 150 222 613 136 928 669 58 593 
940 266 394 306 999 648 611 413 106 651 208 681 246 936 201 45 765 410 87 345 493 577 710 94 100 303 406 554 483 303 10 327 222 635 274 956 226 482 923 135 261 147 314 660 452 881 156 534 711 494 341 325 776 80 189 387 701 195 825 408 711 920 521 451 774 913 995 684 636 344 620 905 830 960 481 174 860 23 960 957 842 883 351 0 285 377 31 776 450 860 714 358 401 791 120 438 507 148 537 167 854 771 978 457 980 986 12 572 14 236 585 644 447 873 672 416 24 540 899 747 
90 237 316 294 245 914 24 405 149 226 786 950 77 985 424 821 181 170 568 840 958 253 187 193 292 965 927 897 124 165 189 271 851 142 749 841 179 821 933 816 772 449 306 631 241 913 87 731 170 376 535 53 652 938 844 266 536 11 200 74 893 535 986 418 546 588 323 577 322 839 517 665 634 115 241 113 358 727 745 140 452 446 684 285 0 480 828 466 699 126 99 3 220 496 681 200 757 552 834 330 310 184 167 31 752 975 430 935 448 484 844 30 472 519 404 840 967 133 814 804 
