100 47
0 278 59 130 362 485 958 65 936 238 99 505 11 954 232 227 342 532 240 353 882 151 840 316 770 152 665 699 724 911 332 997 56 886 349 613 814 250 985 617 776 792 440 73 278 998 954 984 110 490 686 142 979 243 491 443 252 254 942 455 974 581 221 282 400 929 723 31 519 195 489 430 299 658 831 378 653 725 757 490 346 411 41 928 333 968 78 63 264 344 847 771 135 383 622 401 330 952 272 716 
278 0 519 405 266 362 173 53 744 647 653 582 254 686 131 566 29 208 806 515 905 573 170 118 232 789 294 614 403 585 368 451 853 830 996 667 630 851 957 650 913 437 433 220 73 591 933 178 141 309 400 771 794 950 226 726 217 978 174 778 453 141 431 875 89 362 274 471 408 910 102 575 341 631 787 492 860 302 614 422 631 384 259 329 78 746 577 768 187 137 143 579 673 456 823 628 370 131 816 12 
59 519 0 943 134 948 405 296 443 154 456 274 993 422 428 521 414 667 484 610 96 258 300 791 392 207 927 981 994 240 64 848 782 227 187 95 693 727 173 310 412 608 371 991 920 2 278 599 210 48 234 757 708 196 831 946 198 14 932 311 298 770 493 445 789 252 595 239 337 560 363 182 406 869 702 702 411 383 8 417 410 969 281 402 872 209 321 832 337 850 911 612 987 890 178 845 454 776 539 265 
130 405 943 0 394 461 913 977 623 295 114 114 879 990 606 293 479 134 30 943 454 4 185 899 920 646 380 848 760 468 332 499 908 825 26 580 768 331 214 24 588 884 477 950 809 635 15 311 713 390 589 293 899 180 291 856 385 969 61 999 394 762 125 624 108 567 765 105 945 966 110 918 153 276 864 948 767 522 129 320 233 725 767 883 229 226 958 685 501 31 879 63 745 422 678 203 842 308 168 278 
362 266 134 394 0 985 50 899 523 499 751 550 861 399 246 796 936 991 267 80 658 46 522 962 628 361 681 959 50 744 489 66 983 724 498 351 51 529 157 330 963 135 230 14 460 425 793 817 540 764 283 745 78 528 338 528 194 389 410 634 987 404 391 316 477 197 724 133 893 795 753 608 631 899 274 939 528 646 538 947 277 160 183 682 119 433 835 338 161 337 351 436 918 812 951 409 966 531 717 36 
485 362 948 461 985 0 788 579 196 389 186 956 86 208 867 941 247 893 60 614 517 513 275 96 65 523 567 283 275 102 900 138 380 279 494 826 345 285 237 256 731 782 552 800 507 912 293 264 78 316 566 388 974 567 552 431 971 672 720 636 596 572 9 625 281 813 870 9 621 807 255 778 496 351 917 253 22 340 638 653 578 828 238 574 387 872 475 929 384 821 192 131 367 988 333 598 646 852 672 835 
958 173 405 913 50 788 0 694 234 373 675 519 111 736 463 754 988 749 217 686 998 286 92 725 161 81 659 29 466 820 833 282 698 979 459 860 188 241 887 857 900 637 57 720 532 731 909 467 553 490 150 731 344 684 688 102 870 925 270 519 550 709 132 677 250 66 687 697 569 685 577 543 844 611 610 908 536 887 397 568 936 739 719 432 340 172 938 771 139 79 988 360 473 227 749 526 396 732 840 321 
65 53 296 977 899 579 694 0 693 875 144 324 804 371 600 782 498 456 62 101 241 391 272 900 412 256 246 124 808 126 617 947 88 8 732 445 92 129 554 289 214 451 657 914 226 513 869 933 247 956 365 753 774 356 233 635 940 207 843 696 425 170 538 565 698 953 458 693 497 424 545 546 738 817 10 168 256 144 839 844 64 169 96 851 46 560 106 529 255 62 790 162 236 826 713 392 62 228 632 165 
936 744 443 623 523 196 234 693 0 971 802 603 429 822 143 929 80 743 890 509 885 684 145 376 362 771 943 473 864 643 623 975 336 195 228 679 494 391 265 285 399 81 461 600 665 980 364 965 787 242 891 457 320 295 198 649 896 864 462 993 313 343 460 114 175 954 24 553 830 350 760 778 575 594 616 483 373 676 181 499 564 8 804 838 301 538 907 691 700 445 91 404 938 547 905 751 775 872 378 31 
238 647 154 295 499 389 373 875 971 0 248 57 676 801 512 480 497 281 62 330 61 738 828 1000 800 386 872 507 119 604 665 837 817 521 195 399 59 258 374 11 970 384 488 81 242 369 669 915 350 97 629 311 236 720 137 882 567 414 968 749 944 821 321 565 645 238 928 997 786 837 349 133 994 464 178 448 951 830 146 275 438 115 367 946 704 309 189 18 307 810 414 265 759 99 837 358 593 528 371 394 
99 653 456 114 751 186 675 144 802 248 0 718 515 219 707 161 700 840 633 564 854 686 141 36 596 954 511 229 198 823 477 740 43 926 508 207 527 27 149 696 441 152 592 249 150 643 902 699 98 884 567 106 445 670 297 439 879 463 238 339 907 18 32 99 160 109 385 196 519 341 73 6 105 285 549 544 427 420 591 348 245 612 633 867 931 119 728 954 381 354 310 330 786 894 157 134 784 461 256 900 
505 582 274 114 550 956 519 324 603 57 718 0 819 872 467 588 725 179 177 528 858 491 353 367 304 217 667 404 969 697 626 905 598 481 865 263 11 711 31 112 119 370 932 757 499 354 873 525 588 631 338 896 786 937 465 529 16 780 959 539 547 708 383 633 103 86 993 962 589 872 534 812 945 113 681 473 959 161 35 914 55 829 849 106 378 979 911 123 702 276 251 361 977 95 595 492 549 803 736 20 
11 254 993 879 861 86 111 804 429 676 515 819 0 351 917 251 532 620 859 222 19 926 307 902 868 568 353 480 382 633 979 377 953 258 569 739 221 901 445 61 854 665 657 92 794 961 529 469 84 82 669 726 630 457 447 624 515 645 171 955 716 376 440 251 340 161 414 72 740 290 981 783 105 258 62 11 407 907 532 179 796 846 491 819 809 935 877 555 1 883 645 949 862 261 7 627 120 465 455 352 
954 686 422 990 399 208 736 371 822 801 219 872 351 0 802 442 570 968 647 216 824 394 748 508 889 75 512 4 167 580 323 73 534 252 486 958 525 92 342 769 462 299 644 802 230 133 557 983 719 23 899 502 139 98 470 908 704 554 591 229 428 540 205 911 994 474 144 623 953 965 443 212 730 765 778 382 164 424 421 868 576 561 293 159 593 931 994 83 223 715 908 769 896 684 753 819 475 186 168 708 
232 131 428 606 246 867 463 600 143 512 707 467 917 802 0 460 105 217 725 877 228 906 994 575 687 76 378 927 395 279 307 165 656 504 833 831 362 854 451 83 450 532 492 835 554 764 125 970 1 483 277 109 592 926 5 671 835 469 126 202 544 322 145 222 988 953 791 55 1000 333 683 393 729 373 955 574 947 154 860 795 93 825 661 772 464 253 359 550 236 812 49 471 230 901 950 523 596 56 413 560 
227 566 521 293 796 941 754 782 929 480 161 588 251 442 460 0 840 769 446 120 864 370 561 830 937 578 979 640 777 591 499 354 156 814 579 201 711 584 415 442 876 513 76 217 100 297 986 156 794 99 304 447 654 885 992 385 302 288 626 600 401 898 243 481 681 56 766 505 534 529 819 466 109 670 956 845 75 922 626 789 477 776 396 451 348 544 256 658 18 554 24 159 266 626 170 923 757 940 599 231 
342 29 414 479 936 247 988 498 80 497 700 725 532 570 105 840 0 432 657 184 535 761 899 102 336 50 945 274 549 207 767 441 96 650 240 691 711 269 662 471 193 626 422 388 589 804 942 335 40 584 243 761 279 864 741 103 12 504 146 702 665 8 558 734 239 717 132 962 246 440 911 348 970 689 696 831 529 946 54 810 485 624 828 130 972 655 757 625 584 872 70 508 507 604 149 150 627 158 642 62 
532 208 667 134 991 893 749 456 743 281 840 179 620 968 217 769 432 0 607 118 618 109 145 615 627 263 932 9 783 437 7 638 218 198 527 575 520 416 156 541 26 120 585 422 54 141 898 36 461 314 775 96 116 291 767 519 159 275 130 522 154 207 940 166 485 202 496 265 620 297 219 851 91 793 551 595 306 739 580 868 543 366 375 367 750 504 275 465 1000 287 593 719 704 691 506 200 967 705 75 573 
240 806 484 30 267 60 217 62 890 62 633 177 859 647 725 446 657 607 0 662 172 659 96 107 610 197 956 450 552 91 622 108 198 672 130 886 441 496 476 624 544 936 535 489 36 821 185 269 598 97 547 267 19 748 521 681 483 455 43 550 766 741 720 644 115 571 784 901 869 651 522 271 124 909 610 79 967 888 22 258 103 40 440 72 897 152 327 185 152 398 97 183 148 730 39 901 750 617 935 189 
353 515 610 943 80 614 686 101 509 330 564 528 222 216 877 120 184 118 662 0 637 350 532 948 930 407 285 559 790 603 60 69 766 17 706 728 942 927 666 759 184 241 61 442 39 149 905 897 68 996 389 162 669 594 383 426 693 464 606 532 387 753 107 102 466 787 6 905 368 519 645 306 975 337 582 938 362 979 102 916 357 537 156 244 968 773 909 242 974 254 321 113 217 13 419 24 405 747 200 284 
882 905 96 454 658 517 998 241 885 61 854 858 19 824 228 864 535 618 172 637 0 467 764 321 497 749 181 10 794 615 93 864 506 236 706 449 877 616 672 895 697 160 93 882 936 319 951 708 766 118 934 353 566 610 890 707 766 558 409 399 652 877 252 878 481 652 612 685 518 773 461 79 862 469 436 444 149 310 25 139 526 463 27 733 465 246 515 769 315 283 798 504 667 802 109 286 921 881 4 483 
151 573 258 4 46 513 286 391 684 738 686 491 926 394 906 370 761 109 659 350 467 0 639 676 705 154 568 943 880 863 416 384 584 329 765 631 346 811 712 901 647 424 111 631 264 785 512 625 210 682 172 523 271 666 729 641 357 764 417 456 163 702 917 315 866 349 212 138 850 262 52 181 687 544 885 140 864 404 374 157 987 112 845 512 443 260 291 62 762 507 772 708 162 225 346 452 1 722 862 829 
840 170 300 185 522 275 92 272 145 828 141 353 307 748 994 561 899 145 96 532 764 639 0 139 962 246 767 423 954 136 174 797 228 955 788 767 78 817 105 191 494 844 411 656 934 766 228 895 397 915 726 11 425 973 878 455 993 73 422 36 431 127 925 402 823 474 488 765 533 231 891 827 799 924 237 163 550 293 373 522 890 350 644 804 889 72 785 680 637 326 984 98 707 887 415 158 464 666 801 86 
316 118 791 899 962 96 725 900 376 1000 36 367 902 508 575 830 102 615 107 948 321 676 139 0 884 494 784 303 810 82 171 801 813 17 327 343 78 893 290 185 997 949 381 336 382 811 371 570 465 212 493 684 123 781 852 729 989 280 29 211 367 883 917 477 131 364 103 797 35 302 328 844 85 660 823 585 917 354 579 805 342 661 835 742 480 583 344 581 163 528 196 784 510 909 260 488 870 528 544 465 
770 232 392 920 628 65 161 412 362 800 596 304 868 889 687 937 336 627 610 930 497 705 962 884 0 544 849 1 364 942 528 597 232 135 795 680 546 928 561 948 233 916 355 558 420 171 444 185 896 483 759 63 523 346 468 318 70 85 325 126 219 812 141 515 721 132 988 827 926 767 3 163 198 516 892 352 914 232 499 225 63 735 45 268 661 829 908 922 473 845 34 104 774 389 352 722 135 208 805 249 
152 789 207 646 361 523 81 256 771 386 954 217 568 75 76 578 50 263 197 407 749 154 246 494 544 0 470 356 845 644 821 65 508 163 624 18 427 872 439 917 396 891 371 542 339 682 677 713 795 908 282 822 279 686 202 865 132 255 93 143 710 379 423 56 30 6 999 655 231 9 819 881 456 32 514 661 16 752 826 282 944 94 890 714 308 205 287 807 872 231 100 532 986 186 470 682 802 474 380 722 
665 294 927 380 681 567 659 246 943 872 511 667 353 512 378 979 945 932 956 285 181 568 767 784 849 470 0 179 849 641 686 886 865 340 315 960 114 203 845 334 793 633 119 89 407 396 945 942 640 187 878 827 711 565 840 682 738 998 249 803 932 981 590 361 643 491 587 959 577 233 403 331 717 438 546 538 745 178 389 276 26 441 491 153 428 453 129 47 549 975 722 903 127 557 59 572 698 999 512 565 
699 614 981 848 959 283 29 124 473 507 229 404 480 4 927 640 274 9 450 559 10 943 423 303 1 356 179 0 780 482 656 818 153 122 956 836 3 919 454 822 8 340 632 649 639 21 854 786 233 324 79 542 631 727 757 226 438 287 79 96 189 656 10 192 967 394 763 430 290 549 659 547 286 751 517 767 475 293 19 306 696 949 710 51 968 491 554 47 353 168 230 636 98 600 571 369 605 850 835 34 
724 403 994 760 50 275 466 808 864 119 198 969 382 167 395 777 549 783 552 790 794 880 954 810 364 845 849 780 0 46 637 724 429 635 934 314 724 894 438 335 529 421 642 459 25 991 487 524 771 8 846 859 35 629 303 151 777 90 982 493 625 38 392 573 465 912 537 144 501 682 762 214 891 472 88 625 326 881 996 941 153 46 915 815 908 734 892 263 363 22 168 510 448 360 666 334 667 48 600 82 
911 585 240 468 744 102 820 126 643 604 823 697 633 580 279 591 207 437 91 603 615 863 136 82 942 644 641 482 46 0 846 454 714 771 345 487 863 957 79 147 938 285 963 189 362 899 636 190 635 126 585 581 679 113 12 436 949 338 61 56 555 156 273 652 882 825 361 685 432 658 679 628 875 237 984 239 561 865 364 605 942 659 422 524 676 983 92 18 372 117 691 23 222 346 62 549 997 899 923 862 
332 368 64 332 489 900 833 617 623 665 477 626 979 323 307 499 767 7 622 60 93 416 174 171 528 821 686 656 637 846 0 151 386 782 487 10 684 18 73 280 420 5 413 362 486 365 185 211 253 730 185 709 409 615 118 813 587 256 241 926 216 530 392 267 250 312 219 184 712 882 647 675 225 237 878 586 932 422 479 225 508 232 344 373 153 908 587 930 766 667 658 683 706 198 228 919 812 459 645 881 
997 451 848 499 66 138 282 947 975 837 740 905 377 73 165 354 441 638 108 69 864 384 797 801 597 65 886 818 724 454 151 0 614 407 996 294 893 503 91 444 29 115 897 552 789 170 231 416 492 658 751 567 723 871 553 417 999 459 902 133 90 678 915 224 884 440 233 75 992 11 971 908 509 485 509 915 587 381 910 532 773 971 15 106 250 209 511 420 430 358 520 830 552 690 507 980 219 845 549 348 
56 853 782 908 983 380 698 88 336 817 43 598 953 534 656 156 96 218 198 766 506 584 228 813 232 508 865 153 429 714 386 614 0 42 736 265 90 807 86 962 928 849 970 773 58 544 969 856 324 96 788 942 126 36 459 771 817 120 480 227 551 521 501 212 832 514 418 550 244 62 987 483 97 973 305 539 968 558 787 834 383 958 481 87 107 558 838 919 797 170 300 209 985 893 301 569 637 836 564 228 
886 830 227 825 724 279 979 8 195 521 926 481 258 252 504 814 650 198 672 17 236 329 955 17 135 163 340 122 635 771 782 407 42 0 762 118 775 875 816 812 21 259 879 771 579 584 840 491 927 13 76 440 91 808 358 530 668 916 968 642 157 47 264 387 443 532 178 518 551 522 371 670 18 306 47 340 511 821 642 299 531 616 889 828 326 858 983 481 367 137 826 278 993 147 605 498 94 522 168 512 
349 996 187 26 498 494 459 732 228 195 508 865 569 486 833 579 240 527 130 706 706 765 788 327 795 624 315 956 934 345 487 996 736 762 0 932 382 940 305 462 387 369 628 767 336 124 942 461 620 541 572 168 70 43 759 445 992 528 515 751 452 942 457 319 85 546 51 51 995 589 929 785 533 383 200 548 1 14 931 654 578 166 225 757 20 802 552 217 927 681 269 388 620 946 500 686 938 268 790 556 
613 667 95 580 351 826 860 445 679 399 207 263 739 958 831 201 691 575 886 728 449 631 767 343 680 18 960 836 314 487 10 294 265 118 932 0 477 276 206 683 106 269 822 66 764 431 733 810 868 41 45 750 864 411 500 264 716 535 659 876 391 683 821 529 625 431 86 611 523 850 255 120 794 845 467 553 652 882 765 396 701 583 989 319 336 916 697 429 463 979 9 204 579 606 563 947 518 273 1000 896 
814 630 693 768 51 345 188 92 494 59 527 11 221 525 362 711 711 520 441 942 877 346 78 78 546 427 114 3 724 863 684 893 90 775 382 477 0 406 50 644 324 614 570 309 254 769 268 399 644 112 350 721 150 749 250 691 826 599 543 843 375 78 559 826 806 819 171 297 606 977 505 399 788 912 547 725 431 299 878 959 553 965 39 606 447 991 238 482 830 882 398 892 409 860 777 660 737 555 643 444 
250 851 727 331 529 285 241 129 391 258 27 711 901 92 854 584 269 416 496 927 616 811 817 893 928 872 203 919 894 957 18 503 807 875 940 276 406 0 451 664 737 996 273 359 515 295 362 503 393 723 885 955 490 713 928 531 597 524 84 401 355 86 341 976 887 69 135 584 348 610 658 475 156 365 804 959 856 803 338 720 883 923 170 601 681 814 828 416 932 723 496 570 867 561 221 554 905 10 162 591 
985 957 173 214 157 237 887 554 265 374 149 31 445 342 451 415 662 156 476 666 672 712 105 290 561 439 845 454 438 79 73 91 86 816 305 206 50 451 0 87 670 970 995 63 890 672 40 593 235 670 367 811 741 704 252 733 383 897 269 741 439 239 133 26 655 116 800 237 395 747 88 799 200 643 389 651 407 433 260 389 782 680 939 29 315 545 87 907 599 400 293 411 485 754 162 566 909 107 999 683 
617 650 310 24 330 256 857 289 285 11 696 112 61 769 83 442 471 541 624 759 895 901 191 185 948 917 334 822 335 147 280 444 962 812 462 683 644 664 87 0 87 583 417 565 479 452 396 3 204 909 604 546 837 708 11 781 735 521 109 603 343 118 270 220 126 745 57 859 69 293 514 430 903 128 746 608 490 685 337 93 26 188 387 11 995 110 235 699 45 222 152 364 200 348 557 337 82 182 545 922 
776 913 412 588 963 731 900 214 399 970 441 119 854 462 450 876 193 26 544 184 697 647 494 997 233 396 793 8 529 938 420 29 928 21 387 106 324 737 670 87 0 81 786 784 56 613 607 75 288 920 146 111 784 66 624 250 366 55 258 339 808 241 7 878 871 456 902 92 822 526 302 682 408 97 715 330 533 939 10 227 110 156 156 192 831 975 835 164 838 21 536 132 523 272 998 777 949 102 108 389 
792 437 608 884 135 782 637 451 81 384 152 370 665 299 532 513 626 120 936 241 160 424 844 949 916 891 633 340 421 285 5 115 849 259 369 269 614 996 970 583 81 0 624 82 607 853 614 470 224 749 219 557 92 858 716 293 551 634 880 854 707 426 294 97 348 501 650 42 84 166 560 833 811 542 585 829 864 770 476 757 474 714 866 98 376 448 890 123 682 71 467 258 388 664 238 692 111 408 384 406 
440 433 371 477 230 552 57 657 461 488 592 932 657 644 492 76 422 585 535 61 93 111 411 381 355 371 119 632 642 963 413 897 970 879 628 822 570 273 995 417 786 624 0 919 190 810 45 368 221 435 299 106 473 571 719 641 981 616 143 148 307 557 147 416 713 18 196 297 831 820 418 259 897 313 173 922 825 942 838 656 677 797 476 632 331 117 318 915 379 1000 229 460 574 783 566 136 347 850 128 113 
73 220 991 950 14 800 720 914 600 81 249 757 92 802 835 217 388 422 489 442 882 631 656 336 558 542 89 649 459 189 362 552 773 771 767 66 309 359 63 565 784 82 919 0 210 826 89 242 89 413 105 279 872 344 15 64 737 183 798 6 40 973 722 503 819 941 842 132 215 773 284 740 340 172 969 784 412 686 723 523 181 54 917 942 962 541 82 499 807 997 156 59 626 636 299 628 289 752 427 746 
278 73 920 809 460 507 532 226 665 242 150 499 794 230 554 100 589 54 36 39 936 264 934 382 420 339 407 639 25 362 486 789 58 579 336 764 254 515 890 479 56 607 190 210 0 24 874 909 643 638 82 87 523 376 468 543 583 451 993 278 626 552 199 248 382 870 532 895 885 440 246 623 528 854 138 376 652 623 574 752 773 763 569 303 808 368 883 970 918 253 381 810 815 929 127 427 652 488 972 812 
998 591 2 635 425 912 731 513 980 369 643 354 961 133 764 297 804 141 821 149 319 785 766 811 171 682 396 21 991 899 365 170 544 584 124 431 769 295 672 452 613 853 810 826 24 0 846 165 584 468 457 658 192 39 966 464 499 827 576 815 512 889 383 984 281 634 39 20 755 86 756 209 273 234 760 801 393 156 569 809 71 814 684 923 401 716 568 824 418 851 12 474 683 573 258 147 653 365 475 264 
954 933 278 15 793 293 909 869 364 669 902 873 529 557 125 986 942 898 185 905 951 512 228 371 444 677 945 854 487 636 185 231 969 840 942 733 268 362 40 396 607 614 45 89 874 846 0 49 634 462 333 725 987 675 527 760 632 946 710 767 843 495 949 641 663 105 811 241 245 559 998 743 536 708 108 631 195 767 574 582 936 713 72 712 708 882 963 930 395 135 533 376 940 189 115 176 85 988 359 17 
984 178 599 311 817 264 467 933 965 915 699 525 469 983 970 156 335 36 269 897 708 625 895 570 185 713 942 786 524 190 211 416 856 491 461 810 399 503 593 3 75 470 368 242 909 165 49 0 131 208 221 242 410 274 447 487 362 474 616 66 425 53 26 605 123 381 983 650 57 561 272 238 694 84 877 666 144 395 232 936 337 467 557 623 281 763 72 133 306 171 137 604 488 794 622 915 659 687 39 557 
110 141 210 713 540 78 553 247 787 350 98 588 84 719 1 794 40 461 598 68 766 210 397 465 896 795 640 233 771 635 253 492 324 927 620 868 644 393 235 204 288 224 221 89 643 584 634 131 0 679 912 247 339 895 511 769 157 953 269 21 330 393 359 998 219 690 246 217 125 669 446 960 688 466 11 115 291 448 831 163 180 778 143 110 301 538 818 405 87 579 320 144 669 530 423 113 254 628 62 448 
490 309 48 390 764 316 490 956 242 97 884 631 82 23 483 99 584 314 97 996 118 682 915 212 483 908 187 324 8 126 730 658 96 13 541 41 112 723 670 909 920 749 435 413 638 468 462 208 679 0 655 298 906 987 204 652 545 588 528 324 361 962 937 323 475 837 389 821 368 474 287 42 21 851 566 684 714 50 841 541 813 655 559 242 172 198 423 292 5 952 556 824 337 624 137 736 395 736 509 145 
686 400 234 589 283 566 150 365 891 629 567 338 669 899 277 304 243 775 547 389 934 172 726 493 759 282 878 79 846 585 185 751 788 76 572 45 350 885 367 604 146 219 299 105 82 457 333 221 912 655 0 539 747 975 315 613 215 775 496 802 534 986 328 369 59 312 752 879 651 13 586 762 949 449 189 339 914 981 892 653 439 206 113 726 70 761 325 102 141 187 307 773 871 584 341 865 209 31 286 680 
142 771 757 293 745 388 731 753 457 311 106 896 726 502 109 447 761 96 267 162 353 523 11 684 63 822 827 542 859 581 709 567 942 440 168 750 721 955 811 546 111 557 106 279 87 658 725 242 247 298 539 0 481 28 687 956 144 421 363 460 175 560 120 267 910 666 532 339 367 647 949 258 361 838 162 227 943 420 386 700 980 471 500 243 903 914 700 490 934 826 992 309 328 855 201 521 438 717 413 805 
979 794 708 899 78 974 344 774 320 236 445 786 630 139 592 654 279 116 19 669 566 271 425 123 523 279 711 631 35 679 409 723 126 91 70 864 150 490 741 837 784 92 473 872 523 192 987 410 339 906 747 481 0 644 23 22 620 434 902 809 283 209 172 719 542 577 31 257 252 210 508 684 35 543 159 427 11 873 737 371 964 643 827 969 563 980 673 328 488 748 695 701 573 707 407 53 320 532 748 622 
243 950 196 180 528 567 684 356 295 720 670 937 457 98 926 885 864 291 748 594 610 666 973 781 346 686 565 727 629 113 615 871 36 808 43 411 749 713 704 708 66 858 571 344 376 39 675 274 895 987 975 28 644 0 405 772 38 653 26 24 56 721 207 886 970 317 408 471 102 616 71 535 769 606 933 521 671 992 245 56 582 552 232 707 301 862 417 37 121 569 664 256 293 629 53 25 206 179 936 197 
491 226 831 291 338 552 688 233 198 137 297 465 447 470 5 992 741 767 521 383 890 729 878 852 468 202 840 757 303 12 118 553 459 358 759 500 250 928 252 11 624 716 719 15 468 966 527 447 511 204 315 687 23 405 0 293 973 801 548 874 547 787 795 429 540 964 449 47 834 742 290 8 449 19 532 767 353 916 947 786 612 220 522 990 553 891 423 789 864 243 333 941 798 651 444 704 905 908 659 39 
443 726 946 856 528 431 102 635 649 882 439 529 624 908 671 385 103 519 681 426 707 641 455 729 318 865 682 226 151 436 813 417 771 530 445 264 691 531 733 781 250 293 641 64 543 464 760 487 769 652 613 956 22 772 293 0 968 577 799 831 57 957 863 374 876 514 635 594 832 896 189 755 486 886 81 620 314 898 286 317 955 888 169 376 352 773 37 690 480 732 77 369 563 992 711 733 961 955 684 915 
252 217 198 385 194 971 870 940 896 567 879 16 515 704 835 302 12 159 483 693 766 357 993 989 70 132 738 438 777 949 587 999 817 668 992 716 826 597 383 735 366 551 981 737 583 499 632 362 157 545 215 144 620 38 973 968 0 154 784 417 827 477 796 429 457 552 288 877 735 569 630 496 461 847 769 513 19 345 465 299 864 47 901 839 24 388 504 286 86 147 102 173 422 481 766 56 611 10 946 657 
254 978 14 969 389 672 925 207 864 414 463 780 645 554 469 288 504 275 455 464 558 764 73 280 85 255 998 287 90 338 256 459 120 916 528 535 599 524 897 521 55 634 616 183 451 827 946 474 953 588 775 421 434 653 801 577 154 0 322 146 774 785 120 62 624 593 937 995 303 966 197 794 477 85 818 886 189 463 589 83 585 4 646 903 201 876 34 324 424 255 595 143 981 219 652 369 579 362 247 311 
942 174 932 61 410 720 270 843 462 968 238 959 171 591 126 626 146 130 43 606 409 417 422 29 325 93 249 79 982 61 241 902 480 968 515 659 543 84 269 109 258 880 143 798 993 576 710 616 269 528 496 363 902 26 548 799 784 322 0 37 907 890 289 529 367 77 139 806 63 42 937 483 34 495 604 778 134 320 330 287 376 460 969 679 811 497 845 392 485 640 632 722 280 107 223 881 680 153 786 914 
455 778 311 999 634 636 519 696 993 749 339 539 955 229 202 600 702 522 550 532 399 456 36 211 126 143 803 96 493 56 926 133 227 642 751 876 843 401 741 603 339 854 148 6 278 815 767 66 21 324 802 460 809 24 874 831 417 146 37 0 765 206 387 561 966 858 897 433 400 700 71 119 806 215 989 61 403 237 270 337 202 699 744 681 570 651 489 372 98 790 415 841 71 982 814 100 80 513 547 374 
974 453 298 394 987 596 550 425 313 944 907 547 716 428 544 401 665 154 766 387 652 163 431 367 219 710 932 189 625 555 216 90 551 157 452 391 375 355 439 343 808 707 307 40 626 512 843 425 330 361 534 175 283 56 547 57 827 774 907 765 0 574 50 792 515 406 548 520 86 665 592 127 201 334 897 893 502 592 966 183 859 773 121 570 677 318 413 302 897 236 128 774 70 885 883 939 90 119 539 830 
581 141 770 762 404 572 709 170 343 821 18 708 376 540 322 898 8 207 741 753 877 702 127 883 812 379 981 656 38 156 530 678 521 47 942 683 78 86 239 118 241 426 557 973 552 889 495 53 393 962 986 560 209 721 787 957 477 785 890 206 574 0 478 92 425 601 291 279 600 772 38 487 137 603 211 934 670 748 279 665 680 640 265 869 263 249 257 888 355 164 472 962 657 145 728 12 739 581 425 11 
221 431 493 125 391 9 132 538 460 321 32 383 440 205 145 243 558 940 720 107 252 917 925 917 141 423 590 10 392 273 392 915 501 264 457 821 559 341 133 270 7 294 147 722 199 383 949 26 359 937 328 120 172 207 795 863 796 120 289 387 50 478 0 61 532 408 725 890 253 315 889 353 399 272 102 108 317 31 996 368 99 937 468 261 321 306 32 762 638 92 578 677 660 940 86 426 773 996 106 590 
282 875 445 624 316 625 677 565 114 565 99 633 251 911 222 481 734 166 644 102 878 315 402 477 515 56 361 192 573 652 267 224 212 387 319 529 826 976 26 220 878 97 416 503 248 984 641 605 998 323 369 267 719 886 429 374 429 62 529 561 792 92 61 0 837 75 25 474 924 43 447 159 528 539 208 784 902 378 836 39 466 252 506 105 441 590 771 524 133 687 635 731 551 454 754 245 264 406 806 731 
400 89 789 108 477 281 250 698 175 645 160 103 340 994 988 681 239 485 115 466 481 866 823 131 721 30 643 967 465 882 250 884 832 443 85 625 806 887 655 126 871 348 713 819 382 281 663 123 219 475 59 910 542 970 540 876 457 624 367 966 515 425 532 837 0 681 746 347 438 169 649 678 741 689 113 534 764 860 984 636 328 634 10 401 703 998 34 370 903 374 697 125 502 646 244 774 209 977 302 274 
929 362 252 567 197 813 66 953 954 238 109 86 161 474 953 56 717 202 571 787 652 349 474 364 132 6 491 394 912 825 312 440 514 532 546 431 819 69 116 745 456 501 18 941 870 634 105 381 690 837 312 666 577 317 964 514 552 593 77 858 406 601 408 75 681 0 690 840 734 155 363 945 940 430 155 966 196 753 462 255 904 108 781 957 862 577 759 204 906 1 648 298 537 549 387 75 395 532 801 844 
723 274 595 765 724 870 687 458 24 928 385 993 414 144 791 766 132 496 784 6 612 212 488 103 988 999 587 763 537 361 219 233 418 178 51 86 171 135 800 57 902 650 196 842 532 39 811 983 246 389 752 532 31 408 449 635 288 937 139 897 548 291 725 25 746 690 0 686 966 661 608 924 720 570 450 592 268 931 290 590 355 462 415 571 125 6 454 529 492 613 738 250 831 132 190 477 250 797 188 911 
31 471 239 105 133 9 697 693 553 997 196 962 72 623 55 505 962 265 901 905 685 138 765 797 827 655 959 430 144 685 184 75 550 518 51 611 297 584 237 859 92 42 297 132 895 20 241 650 217 821 879 339 257 471 47 594 877 995 806 433 520 279 890 474 347 840 686 0 17 538 69 395 929 8 182 897 667 548 683 153 439 595 479 74 457 244 993 278 39 965 687 362 396 703 490 764 387 844 581 331 
519 408 337 945 893 621 569 497 830 786 519 589 740 953 1000 534 246 620 869 368 518 850 533 35 926 231 577 290 501 432 712 992 244 551 995 523 606 348 395 69 822 84 831 215 885 755 245 57 125 368 651 367 252 102 834 832 735 303 63 400 86 600 253 924 438 734 966 17 0 792 790 172 948 911 108 234 848 517 517 328 442 482 166 960 800 596 961 141 132 406 914 68 871 99 749 98 240 729 251 435 
195 910 560 966 795 807 685 424 350 837 341 872 290 965 333 529 440 297 651 519 773 262 231 302 767 9 233 549 682 658 882 11 62 522 589 850 977 610 747 293 526 166 820 773 440 86 559 561 669 474 13 647 210 616 742 896 569 966 42 700 665 772 315 43 169 155 661 538 792 0 382 352 99 214 445 845 151 883 199 462 432 73 72 433 302 372 696 144 537 671 335 691 311 10 788 872 310 86 651 891 
489 102 363 110 753 255 577 545 760 349 73 534 981 443 683 819 911 219 522 645 461 52 891 328 3 819 403 659 762 679 647 971 987 371 929 255 505 658 88 514 302 560 418 284 246 756 998 272 446 287 586 949 508 71 290 189 630 197 937 71 592 38 889 447 649 363 608 69 790 382 0 465 866 19 338 41 946 12 242 56 606 719 223 278 719 423 72 272 933 222 279 243 812 396 316 647 842 139 727 817 
430 575 182 918 608 778 543 546 778 133 6 812 783 212 393 466 348 851 271 306 79 181 827 844 163 881 331 547 214 628 675 908 483 670 785 120 399 475 799 430 682 833 259 740 623 209 743 238 960 42 762 258 684 535 8 755 496 794 483 119 127 487 353 159 678 945 924 395 172 352 465 0 484 511 315 76 693 709 968 82 571 42 938 387 87 194 601 432 20 643 6 486 562 353 759 240 242 90 32 54 
299 341 406 153 631 496 844 738 575 994 105 945 105 730 729 109 970 91 124 975 862 687 799 85 198 456 717 286 891 875 225 509 97 18 533 794 788 156 200 903 408 811 897 340 528 273 536 694 688 21 949 361 35 769 449 486 461 477 34 806 201 137 399 528 741 940 720 929 948 99 866 484 0 99 969 754 91 272 99 273 811 437 437 38 578 746 193 100 344 210 424 474 660 684 643 669 493 884 584 918 
658 631 869 276 899 351 611 817 594 464 285 113 258 765 373 670 689 793 909 337 469 544 924 660 516 32 438 751 472 237 237 485 973 306 383 845 912 365 643 128 97 542 313 172 854 234 708 84 466 851 449 838 543 606 19 886 847 85 495 215 334 603 272 539 689 430 570 8 911 214 19 511 99 0 578 95 460 918 304 516 334 119 343 384 461 863 543 324 702 922 776 580 389 220 770 63 225 799 119 372 
831 787 702 864 274 917 610 10 616 178 549 681 62 778 955 956 696 551 610 582 436 885 237 823 892 514 546 517 88 984 878 509 305 47 200 467 547 804 389 746 715 585 173 969 138 760 108 877 11 566 189 162 159 933 532 81 769 818 604 989 897 211 102 208 113 155 450 182 108 445 338 315 969 578 0 100 325 982 224 920 672 202 958 810 383 809 35 310 68 177 707 406 14 280 281 521 574 814 637 819 
378 492 702 948 939 253 908 168 483 448 544 473 11 382 574 845 831 595 79 938 444 140 163 585 352 661 538 767 625 239 586 915 539 340 548 553 725 959 651 608 330 829 922 784 376 801 631 666 115 684 339 227 427 521 767 620 513 886 778 61 893 934 108 784 534 966 592 897 234 845 41 76 754 95 100 0 120 150 939 429 609 357 697 458 65 786 612 885 510 942 869 714 162 624 797 986 924 585 82 511 
653 860 411 767 528 22 536 256 373 951 427 959 407 164 947 75 529 306 967 362 149 864 550 917 914 16 745 475 326 561 932 587 968 511 1 652 431 856 407 490 533 864 825 412 652 393 195 144 291 714 914 943 11 671 353 314 19 189 134 403 502 670 317 902 764 196 268 667 848 151 946 693 91 460 325 120 0 479 175 940 424 523 720 932 937 950 605 330 885 18 312 225 927 807 876 782 519 503 524 321 
725 302 383 522 646 340 887 144 676 830 420 161 907 424 154 922 946 739 888 979 310 404 293 354 232 752 178 293 881 865 422 381 558 821 14 882 299 803 433 685 939 770 942 686 623 156 767 395 448 50 981 420 873 992 916 898 345 463 320 237 592 748 31 378 860 753 931 548 517 883 12 709 272 918 982 150 479 0 8 319 443 148 468 90 950 300 117 842 519 636 458 878 412 935 465 188 902 936 454 217 
757 614 8 129 538 638 397 839 181 146 591 35 532 421 860 626 54 580 22 102 25 374 373 579 499 826 389 19 996 364 479 910 787 642 931 765 878 338 260 337 10 476 838 723 574 569 574 232 831 841 892 386 737 245 947 286 465 589 330 270 966 279 996 836 984 462 290 683 517 199 242 968 99 304 224 939 175 8 0 312 477 479 300 364 169 375 298 560 261 798 245 600 639 875 45 48 110 332 515 744 
490 422 417 320 947 653 568 844 499 275 348 914 179 868 795 789 810 868 258 916 139 157 522 805 225 282 276 306 941 605 225 532 834 299 654 396 959 720 389 93 227 757 656 523 752 809 582 936 163 541 653 700 371 56 786 317 299 83 287 337 183 665 368 39 636 255 590 153 328 462 56 82 273 516 920 429 940 319 312 0 405 185 326 700 567 389 639 445 656 16 474 79 926 856 119 502 912 524 122 556 
346 631 410 233 277 578 936 64 564 438 245 55 796 576 93 477 485 543 103 357 526 987 890 342 63 944 26 696 153 942 508 773 383 531 578 701 553 883 782 26 110 474 677 181 773 71 936 337 180 813 439 980 964 582 612 955 864 585 376 202 859 680 99 466 328 904 355 439 442 432 606 571 811 334 672 609 424 443 477 405 0 86 450 662 71 21 346 347 42 211 28 737 425 988 684 133 284 205 960 439 
411 384 969 725 160 828 739 169 8 115 612 829 846 561 825 776 624 366 40 537 463 112 350 661 735 94 441 949 46 659 232 971 958 616 166 583 965 923 680 188 156 714 797 54 763 814 713 467 778 655 206 471 643 552 220 888 47 4 460 699 773 640 937 252 634 108 462 595 482 73 719 42 437 119 202 357 523 148 479 185 86 0 280 595 465 137 722 998 563 668 685 852 553 779 908 649 601 617 473 250 
41 259 281 767 183 238 719 96 804 367 633 849 491 293 661 396 828 375 440 156 27 845 644 835 45 890 491 710 915 422 344 15 481 889 225 989 39 170 939 387 156 866 476 917 569 684 72 557 143 559 113 500 827 232 522 169 901 646 969 744 121 265 468 506 10 781 415 479 166 72 223 938 437 343 958 697 720 468 300 326 450 280 0 32 633 489 255 845 576 274 829 548 141 755 676 696 49 93 60 711 
928 329 402 883 682 574 432 851 838 946 867 106 819 159 772 451 130 367 72 244 733 512 804 742 268 714 153 51 815 524 373 106 87 828 757 319 606 601 29 11 192 98 632 942 303 923 712 623 110 242 726 243 969 707 990 376 839 903 679 681 570 869 261 105 401 957 571 74 960 433 278 387 38 384 810 458 932 90 364 700 662 595 32 0 630 741 72 871 178 445 537 561 650 900 255 149 486 61 485 101 
333 78 872 229 119 387 340 46 301 704 931 378 809 593 464 348 972 750 897 968 465 443 889 480 661 308 428 968 908 676 153 250 107 326 20 336 447 681 315 995 831 376 331 962 808 401 708 281 301 172 70 903 563 301 553 352 24 201 811 570 677 263 321 441 703 862 125 457 800 302 719 87 578 461 383 65 937 950 169 567 71 465 633 630 0 616 335 848 186 929 146 75 887 772 595 262 380 260 211 560 
968 746 209 226 433 872 172 560 538 309 119 979 935 931 253 544 655 504 152 773 246 260 72 583 829 205 453 491 734 983 908 209 558 858 802 916 991 814 545 110 975 448 117 541 368 716 882 763 538 198 761 914 980 862 891 773 388 876 497 651 318 249 306 590 998 577 6 244 596 372 423 194 746 863 809 786 950 300 375 389 21 137 489 741 616 0 680 457 29 480 818 710 459 213 167 696 710 662 263 975 
78 577 321 958 835 475 938 106 907 189 728 911 877 994 359 256 757 275 327 909 515 291 785 344 908 287 129 554 892 92 587 511 838 983 552 697 238 828 87 235 835 890 318 82 883 568 963 72 818 423 325 700 673 417 423 37 504 34 845 489 413 257 32 771 34 759 454 993 961 696 72 601 193 543 35 612 605 117 298 639 346 722 255 72 335 680 0 733 86 737 89 917 549 220 518 36 576 324 24 174 
63 768 832 685 338 929 771 529 691 18 954 123 555 83 550 658 625 465 185 242 769 62 680 581 922 807 47 47 263 18 930 420 919 481 217 429 482 416 907 699 164 123 915 499 970 824 930 133 405 292 102 490 328 37 789 690 286 324 392 372 302 888 762 524 370 204 529 278 141 144 272 432 100 324 310 885 330 842 560 445 347 998 845 871 848 457 733 0 698 61 190 603 810 313 200 867 509 206 151 540 
264 187 337 501 161 384 139 255 700 307 381 702 1 223 236 18 584 1000 152 974 315 762 637 163 473 872 549 353 363 372 766 430 797 367 927 463 830 932 599 45 838 682 379 807 918 418 395 306 87 5 141 934 488 121 864 480 86 424 485 98 897 355 638 133 903 906 492 39 132 537 933 20 344 702 68 510 885 519 261 656 42 563 576 178 186 29 86 698 0 833 503 456 406 80 371 114 27 619 138 922 
344 137 850 31 337 821 79 62 445 810 354 276 883 715 812 554 872 287 398 254 283 507 326 528 845 231 975 168 22 117 667 358 170 137 681 979 882 723 400 222 21 71 1000 997 253 851 135 171 579 952 187 826 748 569 243 732 147 255 640 790 236 164 92 687 374 1 613 965 406 671 222 643 210 922 177 942 18 636 798 16 211 668 274 445 929 480 737 61 833 0 961 871 885 897 80 885 2 477 756 172 
847 143 911 879 351 192 988 790 91 414 310 251 645 908 49 24 70 593 97 321 798 772 984 196 34 100 722 230 168 691 658 520 300 826 269 9 398 496 293 152 536 467 229 156 381 12 533 137 320 556 307 992 695 664 333 77 102 595 632 415 128 472 578 635 697 648 738 687 914 335 279 6 424 776 707 869 312 458 245 474 28 685 829 537 146 818 89 190 503 961 0 54 286 876 725 567 517 928 396 603 
771 579 612 63 436 131 360 162 404 265 330 361 949 769 471 159 508 719 183 113 504 708 98 784 104 532 903 636 510 23 683 830 209 278 388 204 892 570 411 364 132 258 460 59 810 474 376 604 144 824 773 309 701 256 941 369 173 143 722 841 774 962 677 731 125 298 250 362 68 691 243 486 474 580 406 714 225 878 600 79 737 852 548 561 75 710 917 603 456 871 54 0 218 646 51 217 46 944 176 173 
135 673 987 745 918 367 473 236 938 759 786 977 862 896 230 266 507 704 148 217 667 162 707 510 774 986 127 98 448 222 706 552 985 993 620 579 409 867 485 200 523 388 574 626 815 683 940 488 669 337 871 328 573 293 798 563 422 981 280 71 70 657 660 551 502 537 831 396 871 311 812 562 660 389 14 162 927 412 639 926 425 553 141 650 887 459 549 810 406 885 286 218 0 267 122 852 520 64 586 278 
383 456 890 422 812 988 227 826 547 99 894 95 261 684 901 626 604 691 730 13 802 225 887 909 389 186 557 600 360 346 198 690 893 147 946 606 860 561 754 348 272 664 783 636 929 573 189 794 530 624 584 855 707 629 651 992 481 219 107 982 885 145 940 454 646 549 132 703 99 10 396 353 684 220 280 624 807 935 875 856 988 779 755 900 772 213 220 313 80 897 876 646 267 0 880 445 553 258 575 284 
622 823 178 678 951 333 749 713 905 837 157 595 7 753 950 170 149 506 39 419 109 346 415 260 352 470 59 571 666 62 228 507 301 605 500 563 777 221 162 557 998 238 566 299 127 258 115 622 423 137 341 201 407 53 444 711 766 652 223 814 883 728 86 754 244 387 190 490 749 788 316 759 643 770 281 797 876 465 45 119 684 908 676 255 595 167 518 200 371 80 725 51 122 880 0 494 325 937 323 279 
401 628 845 203 409 598 526 392 751 358 134 492 627 819 523 923 150 200 901 24 286 452 158 488 722 682 572 369 334 549 919 980 569 498 686 947 660 554 566 337 777 692 136 628 427 147 176 915 113 736 865 521 53 25 704 733 56 369 881 100 939 12 426 245 774 75 477 764 98 872 647 240 669 63 521 986 782 188 48 502 133 649 696 149 262 696 36 867 114 885 567 217 852 445 494 0 425 415 147 276 
330 370 454 842 966 646 396 62 775 593 784 549 120 475 596 757 627 967 750 405 921 1 464 870 135 802 698 605 667 997 812 219 637 94 938 518 737 905 909 82 949 111 347 289 652 653 85 659 254 395 209 438 320 206 905 961 611 579 680 80 90 739 773 264 209 395 250 387 240 310 842 242 493 225 574 924 519 902 110 912 284 601 49 486 380 710 576 509 27 2 517 46 520 553 325 425 0 334 344 456 
952 131 776 308 531 852 732 228 872 528 461 803 465 186 56 940 158 705 617 747 881 722 666 528 208 474 999 850 48 899 459 845 836 522 268 273 555 10 107 182 102 408 850 752 488 365 988 687 628 736 31 717 532 179 908 955 10 362 153 513 119 581 996 406 977 532 797 844 729 86 139 90 884 799 814 585 503 936 332 524 205 617 93 61 260 662 324 206 619 477 928 944 64 258 937 415 334 0 873 225 
272 816 539 168 717 672 840 632 378 371 256 736 455 168 413 599 642 75 935 200 4 862 801 544 805 380 512 835 600 923 645 549 564 168 790 1000 643 162 999 545 108 384 128 427 972 475 359 39 62 509 286 413 748 936 659 684 946 247 786 547 539 425 106 806 302 801 188 581 251 651 727 32 584 119 637 82 524 454 515 122 960 473 60 485 211 263 24 151 138 756 396 176 586 575 323 147 344 873 0 473 
716 12 265 278 36 835 321 165 31 394 900 20 352 708 560 231 62 573 189 284 483 829 86 465 249 722 565 34 82 862 881 348 228 512 556 896 444 591 683 922 389 406 113 746 812 264 17 557 448 145 680 805 622 197 39 915 657 311 914 374 830 11 590 731 274 844 911 331 435 891 817 54 918 372 819 511 321 217 744 556 439 250 711 101 560 975 174 540 922 172 603 173 278 284 279 276 456 225 473 0 
77 24 34 99 51 4 3 89 68 72 84 70 14 98 6 96 13 87 37 43 82 74 61 8 9 92 58 41 27 42 78 93 83 53 20 23 47 15 54 44 59 38 49 48 73 31 97 
19 92 75 14 44 26 64 82 38 9 62 27 31 3 77 76 7 51 59 33 30 22 4 58 65 68 97 15 20 70 89 66 83 46 85 42 43 28 80 29 8 2 45 86 10 98 96 
