200 200
0 476 29348 33520 6736 30788 12268 32236 17384 32000 31228 36980 17956 14840 4040 27660 12224 29428 7504 29284 268 1276 4924 7048 21380 23436 14300 4744 13616 11628 11532 38360 9284 39272 33064 26752 35816 39280 32304 11256 21340 9468 14224 6136 14364 28480 22456 31700 36948 39100 3368 12016 20712 5812 21368 29056 5068 23504 29920 35164 27080 4176 12544 15716 22260 18516 38300 3864 25756 19276 25996 39200 13228 3212 21604 12272 10872 38612 3192 26764 33872 35132 37776 1276 22732 22952 24472 2516 36828 38020 28280 11852 14572 328 18960 37020 19528 22060 39264 10928 21896 32508 37004 9404 34728 16608 5244 9740 34240 13992 5076 21972 23576 35424 15264 34692 9484 23492 3208 27324 31144 34420 21572 30720 30656 27912 24920 27944 4476 21864 30804 17140 5208 18836 19624 8324 13140 1152 17636 16016 26836 21516 17552 39564 12272 26012 972 33024 39756 16352 17188 36504 28128 8264 2600 10804 5520 12880 35184 7296 6124 38024 8380 34812 12296 36244 38768 35544 1384 16468 11904 31700 6672 26200 696 34908 31784 1052 20684 156 27960 8584 36636 36196 33520 23240 24796 14268 24980 19308 25132 7000 39116 18756 8076 39396 15372 20836 29984 3780 
476 0 18012 30308 1792 520 27368 11176 5204 16488 19576 2816 20796 23088 24124 5352 22412 25680 18676 11160 2216 6404 10480 9400 20780 32112 23724 408 26612 9460 2288 26852 39440 18864 7196 38544 21668 9320 18184 17716 12400 5928 18720 1716 28340 31956 13908 9952 5992 37352 592 11960 29544 15616 39080 3484 18764 20816 25836 27440 21328 6696 16512 26648 23920 19752 38744 25176 6528 8084 23996 25204 14236 37968 17928 16280 30964 16 38600 23812 9480 16732 1876 13704 22088 13452 23476 8 26344 4408 16972 32452 30180 15924 37144 30704 10848 18536 28072 2324 31992 9904 5304 31160 13280 472 31532 33164 16944 23648 35104 6472 5608 22472 10764 32576 35784 34568 31980 15552 21404 27320 34276 36156 11764 25092 18908 7632 18264 20420 16232 10244 34304 11012 38236 11220 22732 34428 19484 7152 15184 2360 35960 35600 37728 26340 21120 32884 27184 16756 8532 4820 32456 27104 20520 27396 5288 25264 12144 4164 14832 23744 9904 37304 10340 30760 34548 39152 26416 13960 7364 21140 15208 38788 9324 27000 19820 33232 32428 7072 13472 928 12696 20636 18636 34440 24096 3140 10600 10632 2832 25160 39848 19964 21384 20008 17588 31616 21616 6840 
29348 18012 0 18780 26304 6384 6164 7168 38684 18980 14588 16492 1176 9808 15696 32460 11120 19668 13952 29700 13132 39016 8484 28152 18524 32560 33604 3232 33668 28596 2976 14168 39184 22444 24304 4900 11828 13372 21384 21840 30932 24336 30412 2968 1316 3988 27444 22576 14500 260 33848 6044 20112 4932 16644 19044 9380 38552 30600 5516 2564 15088 18956 18832 22196 15660 19680 468 4024 10784 14068 10624 7540 428 24640 25104 17928 31340 39128 22876 1352 912 27524 18672 5428 7108 8964 24980 26768 13660 15384 17876 17488 10040 8828 30944 12492 15516 19236 31812 9504 6700 19632 5552 3632 17920 25568 39384 28404 33840 35684 13048 25088 23692 308 29216 12260 36440 14904 8308 37388 6352 25312 2100 2400 8248 21584 30500 25056 31892 27360 15876 8012 34828 1604 39268 17476 3084 19620 32904 3268 39112 30176 33396 2252 26288 15648 9948 16912 29448 32068 11988 11048 724 15872 30604 34380 10136 14356 18124 17980 30288 26568 240 32416 34496 11636 25056 10448 17840 31340 23404 26172 384 23784 24856 32500 2016 35128 23740 8816 28268 26168 39604 704 36496 20672 6432 23648 21760 12384 15056 12500 11832 17496 3096 8708 10664 29512 36808 
33520 30308 18780 0 27052 19720 3400 19228 13884 36524 5828 28980 38624 19816 38448 24116 30520 20676 11044 15376 22420 9020 31440 23252 33528 14788 29048 23168 12960 13276 18912 13272 36000 33908 3136 29060 34928 21880 36596 19364 36300 32016 33740 27956 6536 24252 23432 15204 17708 20064 8668 24144 15392 29264 38040 5352 488 6524 25848 24960 6836 27004 27704 30212 26532 440 8536 36956 4824 13104 29844 13412 36448 36976 33080 24588 25276 35520 6036 11764 39180 25448 9136 31368 1936 23824 28456 27656 14112 19892 32404 23544 4732 1016 18884 23988 25676 32088 9872 16280 30628 37808 200 21604 30472 27136 37536 2312 7008 29428 20336 39184 16868 21476 10656 3136 7500 14924 28788 35696 37104 3436 26464 2668 368 38936 25600 15304 11920 36312 19416 3424 9344 36016 2824 14792 27644 23864 28924 5184 7016 17424 38532 13476 5820 18408 19580 26164 20652 408 23280 5648 25304 31340 13908 6704 10600 20 19108 35484 16880 26184 17584 35420 1108 3396 11020 34456 30364 14144 17172 17884 23712 6568 10952 21276 34224 12148 10372 27792 33088 33752 34284 24304 7672 23400 28732 20648 35400 19144 28804 6468 5300 416 32896 29920 29168 31228 36204 32700 
6736 1792 26304 27052 0 34152 30588 348 5724 38640 39552 26048 39840 23376 24208 5624 15984 39624 24048 2284 9072 6292 25040 13056 10116 17868 26816 22200 20836 35040 23340 22016 25200 39916 26420 7924 32256 27656 31436 4636 34632 16460 34692 30400 17060 27704 21736 36056 39324 38204 16020 25892 28000 36376 7308 17136 1356 4232 29160 24932 21784 17100 24912 29720 20156 22852 31508 13848 6476 32652 20544 4352 31168 24960 25928 28708 31444 34768 37496 20508 27032 29904 30016 1836 19756 26256 26884 39340 1240 23844 27928 772 3136 35588 712 28912 14320 10608 24652 19776 39340 24032 7408 1924 22520 35052 2824 3800 12124 5244 9884 5948 28944 18912 22004 24976 33632 17392 26064 26172 37256 9180 20500 11604 9336 27748 11944 628 7844 38948 39636 29628 5456 9820 7136 27920 16484 776 30572 36628 18868 32932 22916 7472 15520 12548 3584 28300 29544 4368 32772 32252 37532 35832 39880 17444 15464 23948 25440 14016 1500 26744 5868 5448 10048 31164 464 21024 1504 19292 9988 26268 2056 24768 26240 8296 37856 21260 1980 22912 38032 14900 560 20332 30808 2536 34692 36432 7216 27680 33656 26360 36696 16008 28384 27408 28972 2336 13756 28048 
30788 520 6384 19720 34152 0 26632 10892 37512 9920 2700 20800 35124 39760 27664 18612 20032 18044 264 29816 8604 21284 26456 31140 29192 24836 20912 15556 14676 3064 35448 11872 27840 13804 28708 30736 39000 3928 1548 38992 5208 2916 32436 34208 10456 21336 37280 21300 36212 21060 8032 23076 21700 14112 14468 26612 3256 37040 23508 17320 12204 37660 420 22592 20524 1060 6364 16884 33804 11728 16564 30120 768 38708 33528 11296 18760 616 39668 9148 4624 37440 23756 1772 10276 5932 5472 37064 12392 25560 32568 35840 15568 31804 14876 19552 38340 23716 29664 14428 1412 22632 22616 13948 27508 8868 38856 31492 32176 33316 8420 5096 14980 30788 472 6108 30380 31996 30708 13716 27720 1036 36292 7104 39728 15272 2724 17256 8828 34444 36968 30140 30684 35952 31252 3256 4364 23104 11936 27352 8476 23280 37748 35212 12636 2848 1852 29424 23688 35680 22044 10916 16000 32236 33508 228 5268 25972 8492 33336 35144 24044 37248 23920 16104 39124 34660 33968 5908 9240 6900 24552 11052 2476 22492 8692 38560 33468 2188 18172 17496 28484 11976 26144 19604 6044 33660 17456 18388 29936 37328 8548 36072 21432 30116 28788 17784 7712 5652 5112 
12268 27368 6164 3400 30588 26632 0 22324 33228 8512 21896 8924 10996 18116 37860 29348 636 6396 31944 4736 10028 13628 39996 36540 27480 16828 34148 10920 1316 15008 6776 26024 13660 5796 30892 21468 25400 17652 38856 39436 19144 12152 31312 36732 17060 704 38152 17220 20464 10016 3448 23952 8060 20744 16204 20432 19680 13700 38804 20320 2396 27936 15028 35028 25892 25148 9500 18512 4000 4720 488 38676 29192 23840 37860 34748 37004 26976 8144 10024 7176 39216 18516 39324 38460 7692 21612 536 3912 25604 33036 29672 23576 3136 23432 28752 1428 19648 17020 5908 3448 1544 18420 37112 23704 20200 39712 8864 15304 34268 29528 31236 33140 30788 36112 20644 25224 9464 26200 1728 19564 24492 31584 7680 23392 28264 25248 28472 1688 31396 18964 26264 31808 23428 4192 7436 21124 28504 8172 30596 24548 544 27120 39944 8836 32148 8320 23344 476 1688 23068 4512 4148 32932 22316 28676 8496 31588 16856 31104 6220 13132 13988 7820 5264 26304 12460 37960 18032 6632 7672 37092 25456 24396 8868 10880 2868 1344 348 28472 24468 20604 28440 25016 33304 4124 6224 32616 33668 22016 37764 9176 32692 28204 33856 4436 28132 26728 1024 12628 
32236 11176 7168 19228 348 10892 22324 0 29132 3096 35764 31120 26868 5032 25844 14380 1976 7036 30532 22700 25568 3084 1668 34988 800 21892 37420 25080 1812 9072 10604 30852 16896 10588 23472 35600 32840 21884 30788 11004 7248 37028 23128 1072 5756 2296 12236 16424 31016 28520 30332 38328 276 26624 5228 1816 18528 20684 23148 37276 23964 2908 21132 19912 12764 4896 856 6428 19956 29584 25792 28280 3332 18196 33564 968 27208 36648 25368 38608 32968 35708 4336 33288 13220 29340 4716 8496 16496 25572 3776 6032 19276 14300 38228 35768 32332 6356 17152 27652 18168 8256 13200 15272 6468 26980 24004 30448 4448 9180 5684 38148 28944 29148 30248 11120 37148 9980 28864 13656 22844 32256 32792 13804 35024 14648 33904 33456 5776 816 36640 15636 4280 16956 3300 38416 23852 34392 4504 34784 18812 21604 16752 27892 38176 4 18908 21004 32936 27912 9520 11548 3840 7056 16816 8676 6620 15984 23288 23632 21388 4764 16712 12368 23236 15372 29504 39780 808 22072 38236 24868 39772 16260 5264 36316 38028 10068 34276 37740 29576 3136 21660 32056 23876 6924 35584 4356 37592 30952 24636 32580 5592 25300 27892 25464 28096 23808 28352 37052 
17384 5204 38684 13884 5724 37512 33228 29132 0 20796 22272 1508 37220 4920 16112 1044 27516 3972 31760 13432 1748 4196 36268 3384 20676 5460 19432 21968 168 39592 32832 19332 22208 2936 20156 13828 28152 40 3196 39504 3552 25392 37888 23748 13984 19972 4748 37032 21212 29628 28116 6588 19084 2048 8552 35916 38540 9236 2780 1956 21072 12408 35528 31880 10056 16084 17684 31292 39304 28388 15096 5752 28220 14292 2420 7512 2928 38772 6380 29300 12748 6724 32808 17084 1420 16500 21864 23608 22400 33972 5788 14664 37648 3936 13560 9916 29276 5840 36860 10180 3400 30572 21688 13008 35620 5328 20012 28472 37444 23288 5852 17044 13100 25116 30124 1372 26060 29056 38692 13936 24636 16548 7904 32332 6108 30212 22084 24196 8660 11116 7296 33520 30560 32156 5784 10308 25940 34448 5424 15440 16548 23612 28624 2580 8864 12792 34988 29044 15920 9340 2160 37500 13244 31984 39204 328 28272 35388 36876 28600 12608 28964 9220 17452 36512 6824 10812 9816 34996 35736 4036 30340 24892 17960 20784 31352 2260 15856 12936 2808 19556 35096 36016 28024 31860 13424 20384 37144 31608 11748 34332 20136 1164 14556 33484 31252 22624 36392 20832 6824 
32000 16488 18980 36524 38640 9920 8512 3096 20796 0 14232 1392 31864 28228 12736 32684 9048 31932 11136 38544 132 18496 11144 12204 4624 22364 39732 32124 2768 34396 9188 39696 31488 38932 29976 1184 21568 17316 35884 30788 528 19740 30712 21736 35544 17280 35976 22240 20756 16016 28964 3216 23376 5068 10480 34660 32980 488 31740 17480 8308 16824 19720 7760 5988 8252 10340 20272 25576 31168 8904 8084 15204 10100 27124 5228 12336 18800 16136 29224 3868 38416 24836 30356 20080 4612 2988 24588 26708 5504 38388 37004 29568 22296 27540 12600 16112 14472 29156 21364 8236 1456 39916 14460 30796 2576 21788 38444 10120 27220 20352 24360 26976 37084 23480 38568 38288 12336 19720 12236 32052 23636 5800 16336 29756 21800 22596 38992 760 27104 28964 32128 2908 9952 32788 4224 33856 4948 28640 26084 7416 10092 21396 26484 39292 33084 25240 24588 36668 16576 17352 15984 35880 24228 35732 19240 22692 39456 20476 39840 19456 18772 7920 38364 33568 11552 17004 39824 31576 8132 17244 10976 33352 28092 17664 22568 30660 10612 6088 23272 4508 38792 38184 2320 5688 39764 25564 7608 32820 32504 22384 16180 12356 5240 19808 23996 34816 34280 27680 11812 
31228 19576 14588 5828 39552 2700 21896 35764 22272 14232 0 11752 26168 32796 14076 7692 35024 33168 7700 31536 36988 37620 27608 1728 13572 10140 5880 9596 5840 28292 1452 15220 11308 15148 17160 232 5388 14040 11060 11892 19284 25552 38876 22828 16216 36112 34452 20824 37824 37556 25100 33012 22660 7060 28700 38872 28620 26768 9404 16348 1180 12548 38916 15584 39360 11228 20068 4488 1220 35648 19736 644 20836 16980 27828 13852 38564 23624 9312 13756 16536 26096 6116 26808 1188 17252 15780 37100 4772 27240 23772 15320 7640 22588 16256 10240 33280 8704 10304 7152 17872 25292 28316 27548 6332 13952 33608 34516 16628 27408 13984 18120 4344 19684 10208 5252 9276 26668 16216 28208 15988 36364 7980 16500 30192 18284 7872 26136 2804 31280 21400 30872 3600 19256 13224 29716 16292 34084 19276 35120 16944 35148 21920 36188 7552 24836 24972 1316 6740 9404 15480 34616 9360 4560 29152 10512 16936 35144 26272 20840 10800 8292 15012 18924 29784 29448 29000 14876 4372 20608 16016 26600 9176 30160 24696 832 5584 33692 6124 8584 36520 35184 37188 29364 5088 7880 22536 8600 19100 24292 22096 2556 13260 14688 920 35212 10928 3404 8320 21376 
36980 2816 16492 28980 26048 20800 8924 31120 1508 1392 11752 0 37336 2388 3140 512 26108 31384 32012 15572 31000 24028 37512 21272 24692 29356 23068 16116 16512 7996 31512 2632 31036 12484 4112 30108 19300 31060 37028 24260 24672 24280 1980 38204 15084 13912 28088 9040 3660 13384 31700 34544 9476 39232 11096 34220 20444 12888 32984 29168 10092 12208 7572 5104 30212 22096 39208 12936 11164 23604 29364 11224 31768 30864 18896 4956 30644 15296 6416 4992 20868 26360 29708 22504 39816 28324 26976 2888 36100 22376 4916 13432 25412 33444 10340 9140 17236 31132 12396 31120 24212 24152 12088 21876 36096 17564 26120 11872 10156 12268 1816 1796 19892 36116 10112 34840 33948 5948 33368 3372 7104 30044 34972 24456 15184 10248 7572 28484 15832 13220 26820 15360 26940 10168 27480 2616 4664 34412 28816 19796 32892 16200 26096 33516 6020 4096 15120 17560 36924 12372 26612 32380 32020 23740 17384 28404 5240 6800 35136 17504 32852 17612 3744 26976 964 24728 5944 20472 27608 27072 30288 20216 11256 4076 39196 34832 7668 7368 25056 7304 26928 33492 11176 7252 12552 6932 4516 22068 14540 12900 37032 31192 18264 9188 2552 17912 21020 16536 6008 23100 
17956 20796 1176 38624 39840 35124 10996 26868 37220 31864 26168 37336 0 38180 36824 31948 35228 10768 38504 29172 1052 36376 38620 38368 11328 35260 824 39656 5952 13512 38720 6848 32868 15172 23968 25388 25176 25176 28448 20768 30748 14980 39924 14332 38772 12760 580 33352 37568 10072 27728 12216 28108 6800 6168 31640 7524 26348 31512 12764 27068 22844 33828 32988 38840 12344 1060 448 15696 9816 31520 34024 38680 3836 14852 25692 16388 10864 30872 32164 30592 20944 5604 32636 32560 16736 13952 39572 24400 17744 28324 39352 29816 31620 2592 9668 8652 4392 30844 30588 39620 31524 10156 36088 25532 21700 6896 2996 25476 15116 15856 24180 8272 8280 11624 2868 31584 27092 1540 34992 21088 136 39652 36380 14032 34036 10996 21748 21604 22772 5628 12304 34448 12784 31740 38848 25752 35812 27268 37272 16188 11272 19324 3320 35216 10100 10900 23476 22996 21904 24120 8848 7356 17316 19520 8944 20184 27408 20628 32216 27604 12072 23328 30228 38300 19196 39272 32320 4408 26544 32792 27676 19300 28220 680 1636 6656 17560 14164 23148 25224 8344 12508 10220 3580 6220 27564 10260 9356 12184 8716 2172 7196 30004 27500 37100 29916 19480 11376 24640 
14840 23088 9808 19816 23376 39760 18116 5032 4920 28228 32796 2388 38180 0 17208 27384 5928 1488 26212 17964 14960 9296 8444 14924 37788 38692 37324 16692 13144 26308 780 36900 29060 21668 23268 31928 8104 10856 11548 7400 7320 13800 8672 5496 2308 2080 10468 4948 34756 34116 28956 15632 12820 14592 37060 19592 23748 15048 38984 20364 28092 22444 588 32532 14900 32644 24252 13336 27260 15624 2456 28224 37580 9324 34560 32212 21948 9024 21136 18976 32984 9088 20176 19488 548 3948 39612 2088 39664 5272 30504 15896 15044 22076 15264 9424 1600 776 15276 6232 10288 11956 12328 9552 38712 20796 28200 17728 35792 27988 16792 22340 19940 18056 33152 30908 52 1912 33820 6056 38772 10556 32824 22956 7320 26784 27696 37004 31304 11780 39928 23556 36904 33468 24216 21604 16760 33468 10840 23272 4976 19612 15628 21024 584 808 21784 14404 8868 31152 28048 28272 19936 20208 7500 4328 33852 16268 31392 37824 11780 39504 22424 1376 2456 31884 11780 7708 23408 20712 24348 13200 6252 2664 6468 34148 5492 25244 20600 17600 152 32464 21272 18632 27636 11668 16712 25924 39212 28352 30488 27560 36424 25912 7596 38892 17916 37072 19312 24328 
4040 24124 15696 38448 24208 27664 37860 25844 16112 12736 14076 3140 36824 17208 0 35944 24024 11216 14980 31992 14024 28760 13952 10872 7396 24748 11260 2688 24772 3096 160 31992 30492 23268 16784 3584 38996 39748 35024 24252 1096 916 38416 9880 37008 1732 1048 37300 33032 14568 39212 30204 28716 12580 5800 18560 31416 30008 9264 20888 25116 33752 29000 8740 30372 10604 9072 22788 2272 4556 22136 39908 3276 8468 25400 572 17804 24584 20580 16028 25488 18152 39628 24512 39876 18628 28192 16004 29588 32784 28620 34784 8672 4088 34428 19240 33116 22772 18076 28268 10384 920 3956 13664 38792 36972 28408 27840 3696 24032 38752 6296 7260 26328 33072 34172 18772 38220 32732 16292 22320 30096 9456 36 28736 35592 18840 10476 8664 4460 2212 27080 13656 35480 8656 21408 2116 13756 39136 25148 17036 6864 4532 7908 12348 24104 19528 34064 34788 33308 24172 18124 38132 19596 15028 7928 16724 364 17756 15068 35076 976 23008 21924 20544 5492 37548 4660 35836 26792 12404 21600 38308 10504 20000 26288 22876 17088 22088 34688 15440 16468 20372 5836 33692 39564 31724 5372 22184 1132 19828 31248 18536 38248 5136 11108 17620 18844 25056 10568 
27660 5352 32460 24116 5624 18612 29348 14380 1044 32684 7692 512 31948 27384 35944 0 10672 4668 26156 21916 6128 22992 20368 32484 9096 31536 6980 2168 26368 10896 12324 29384 13768 8900 9048 34896 12792 11252 6824 22884 13360 2832 16384 28576 9596 34052 38732 31900 5472 36596 1460 6440 17220 22992 13972 3176 9380 34308 3556 18264 31340 10412 4144 4344 31276 7128 19632 34664 34336 34704 33648 39456 21980 1920 27660 23892 19288 20244 39256 7044 27192 12416 22508 11148 6448 19800 2268 660 10228 12908 24292 352 12244 19468 13076 31924 27240 34404 19232 38456 10744 26096 28316 16080 34960 3312 33004 22248 7652 37184 436 20020 10936 22592 16628 7632 26796 13328 19844 12860 26264 15452 24788 21432 9092 13140 29484 38960 30816 11504 6728 15688 24056 10652 31976 13492 30988 35440 9584 4460 33772 35256 29196 20476 19916 38212 34256 23116 9368 34124 14408 33324 20236 30684 23768 30132 28 17120 16860 17900 39284 19824 24128 31388 34448 4228 38904 18056 16872 27368 37680 26968 14840 15476 5592 23676 5476 30988 8964 20448 3400 23352 6796 21232 23016 27972 23088 10708 21312 27732 31820 26832 18052 21392 36568 6220 212 13304 36496 21760 
12224 22412 11120 30520 15984 20032 636 1976 27516 9048 35024 26108 35228 5928 24024 10672 0 27548 8772 20708 21836 6188 29472 22800 30516 7084 13264 37448 18100 16252 32804 10972 21384 13608 37320 7716 23040 7336 11928 24104 29460 20648 18864 12300 36464 37772 34984 5272 22212 6084 29964 5212 36752 1268 19508 27128 27512 32332 38000 19524 10164 13404 24896 34016 4200 39132 29340 25756 2624 30616 27280 36580 15116 28732 15512 2708 34028 21668 16996 38884 22652 3660 1872 20848 35036 11656 18476 18000 26812 16940 38784 18140 6364 38468 32668 36136 25732 14836 35280 28432 592 21788 21988 5240 38752 32076 15240 22300 6452 24580 17700 24100 31944 19588 16060 404 15628 27056 29876 7972 26180 24748 29832 19364 32052 13172 39796 10672 27656 4100 27008 30100 23700 9620 34868 39196 20952 28588 22572 8704 16892 37296 6072 820 24576 1308 24708 19800 13092 15292 27852 22724 9012 7728 25984 12388 8192 17380 20560 24084 37268 18416 37024 28228 34316 1000 35376 20692 27920 24304 2660 22680 24132 8740 21712 2068 20656 4380 620 18064 17616 2320 37160 21060 24328 5964 2704 29536 31380 9076 19888 15952 7500 17416 38444 3424 30456 20944 3580 5096 
29428 25680 19668 20676 39624 18044 6396 7036 3972 31932 33168 31384 10768 1488 11216 4668 27548 0 31492 33372 1280 8108 2580 5960 14860 13988 5924 32492 17232 37368 15020 32216 13188 14904 26768 27684 16076 26248 13848 24360 33316 38992 16896 28840 25012 39408 5736 32592 10184 20896 29116 38076 24836 31996 22272 14124 6360 15856 11740 37452 8604 22996 26744 7180 1944 29312 36600 9224 2820 1096 3432 17476 7008 19036 29628 28568 11104 3032 29416 17204 16508 29708 3880 28820 348 4476 8868 16528 7696 20064 35092 39200 9412 23364 29852 7540 20068 22464 19724 15056 20272 35772 23608 20776 37764 35040 15504 20600 31708 24276 6372 14176 34496 6276 4492 4136 15476 38804 23652 34592 20972 32140 38596 5792 34968 30004 37032 11748 14820 5664 7652 37768 6396 15096 33476 24744 12996 39096 29944 37056 22452 16232 37108 1020 6728 18468 25272 10676 38492 11364 23532 7864 38920 10728 30484 13424 1204 17584 16604 16384 24084 3340 17528 38084 19780 27012 7752 17988 10748 16412 14000 18184 19572 35132 17752 13372 6400 27268 6188 23224 38296 1656 21040 34016 4892 27600 24624 6396 4680 23892 12504 36148 16368 13048 12124 24840 39636 2592 16784 27244 
7504 18676 13952 11044 24048 264 31944 30532 31760 11136 7700 32012 38504 26212 14980 26156 8772 31492 0 19684 25320 34344 12364 39944 324 52 25004 37336 6800 32816 24684 24420 12320 4340 8840 12868 27656 500 37156 2576 29840 24304 23868 10812 5460 19832 15008 5808 36032 26544 37368 19100 37280 3276 16092 1064 14288 31392 27800 33980 24296 16360 6084 7008 9112 17212 26264 27452 28920 23220 26256 12696 39464 7184 30492 37176 4388 14672 33684 18756 24644 18628 31344 18908 16880 38724 13988 1048 2620 34772 31776 21408 132 13652 6584 36840 908 39064 18324 3872 2536 3532 2388 33480 39932 31972 5104 15848 6756 36284 34076 19572 28876 30264 30284 19656 1828 24236 18808 38644 34044 8824 25072 35324 27796 27152 33460 5316 39720 24940 35196 7988 32776 17788 22364 3980 1528 5096 34900 37832 22616 29940 17536 29968 32300 34288 13416 12508 22964 8984 31420 13220 416 27792 13952 2040 13900 4936 22116 4464 20676 25488 5180 16272 37040 27980 11116 3884 37668 28632 25212 4772 35148 6532 33528 32284 21608 19180 38100 19252 24240 7772 828 4776 16704 1564 22808 18512 38188 712 36088 6936 2036 26996 14688 35836 5852 1720 1708 13492 
29284 11160 29700 15376 2284 29816 4736 22700 13432 38544 31536 15572 29172 17964 31992 21916 20708 33372 19684 0 4888 264 19488 28920 660 2576 19644 9480 26616 29036 39824 12312 22744 1024 24152 33924 21020 35636 14152 32312 33528 13816 27028 26008 5184 31376 28272 24400 2856 32244 15328 33744 22852 13312 39308 33168 8576 220 1600 25148 276 3572 32188 34728 28688 14788 26644 21916 14580 31140 8624 1636 25912 29196 34716 35580 14620 16156 8604 10328 4824 18420 21284 6192 34344 36708 4376 31028 1456 7232 13244 23504 18648 18140 26932 164 5404 744 1676 30620 21736 4828 4988 15312 14452 17436 27060 10176 17980 14500 36472 12596 21652 24724 17016 13024 5284 35028 12512 6628 14968 17004 16544 29384 936 3708 33912 12912 29356 36184 10748 22528 9968 9076 20136 12784 11392 14740 20088 4952 6024 35196 30808 808 16368 1280 28084 37044 4708 8456 19676 34736 17924 8556 21588 28252 29452 26876 21112 7896 10124 4036 23484 20764 9872 11888 9084 24124 2096 2948 37952 35684 12624 22644 28648 15196 25120 23816 28176 1684 4776 32808 39940 736 32252 26528 6596 6196 29644 9864 34636 30648 10424 32848 37636 29076 35176 16892 24964 10032 
268 2216 13132 22420 9072 8604 10028 25568 1748 132 36988 31000 1052 14960 14024 6128 21836 1280 25320 4888 0 25056 29504 32936 38772 34800 16884 25172 6608 37172 13704 19100 11004 776 19528 25508 636 13000 21192 37908 29932 10080 10520 38724 37344 6084 16800 39072 31824 2728 23340 19048 21836 11892 7496 5448 31240 32672 33572 13668 36532 34932 17920 30796 29684 11128 35676 26708 21076 8356 8440 30000 6796 22452 22312 35736 14768 6068 15688 1792 34012 12508 26112 728 1476 27340 35632 4012 30744 9504 23996 25556 37064 33912 9084 1324 3036 37360 23948 31988 19312 39616 29792 25456 4756 1588 14344 26144 20344 12460 14940 7924 21260 27616 15712 37508 21532 29268 38236 5288 15556 11672 35060 10392 10940 2768 5436 16872 16988 24144 2656 7932 3236 21208 32388 34996 12400 5420 11328 8568 22108 20472 5600 7716 39808 34272 18264 15036 5196 28668 5268 34056 4580 8688 9304 35836 31512 23268 30828 31748 18100 19264 25740 19236 31352 692 29004 37464 18936 15028 13620 19736 18732 18432 24348 19536 36528 1832 15524 37076 6296 9656 32312 3220 17344 13184 24884 7692 2760 10312 34756 28396 13552 13632 22768 28732 12800 38744 18024 19828 
1276 6404 39016 9020 6292 21284 13628 3084 4196 18496 37620 24028 36376 9296 28760 22992 6188 8108 34344 264 25056 0 14212 14600 37184 14508 39504 27812 33484 9892 18916 2768 24864 25512 9280 9472 568 33808 33996 916 15584 29876 19288 31916 12328 17368 31156 21288 38928 17368 27336 9168 23472 17180 28684 31460 33620 25868 24344 23184 928 13404 15092 12684 19296 368 9220 38484 16872 14976 35312 30764 10812 4436 6324 29240 4284 37356 39344 39396 35036 24220 5352 38892 14996 32740 13444 16048 10152 4920 23792 12268 20236 12820 33804 30304 7444 39772 11816 184 13676 4012 2696 4732 15608 31544 39724 16544 16984 35168 27168 8240 7536 26496 7856 27968 27856 37848 208 1932 29624 20904 39016 35896 30576 19016 24416 37480 33560 40000 33388 11184 29064 26308 38172 27960 10624 9492 25972 1232 22416 25744 4316 11236 28488 19520 26484 9580 2948 11972 21312 25812 10508 21172 21808 8024 16752 30992 36928 39184 17520 35436 20888 1228 6744 35408 4396 8696 32148 34700 22164 23824 38192 12148 1096 34924 5584 16744 23496 30024 26792 22704 29720 7508 6900 31212 34584 35740 9188 35868 21956 23520 34832 38592 11884 33184 36040 32956 4636 18332 
4924 10480 8484 31440 25040 26456 39996 1668 36268 11144 27608 37512 38620 8444 13952 20368 29472 2580 12364 19488 29504 14212 0 12088 1720 36036 37968 7552 25560 28436 8964 2140 9748 11780 28736 11532 25764 19024 29956 8520 34632 10388 19256 3936 8892 30748 1712 36620 116 14580 23040 31912 28740 22804 11364 17980 3220 25936 30436 39356 5296 37900 6148 37100 8228 14844 38264 14936 24996 23436 19232 20720 13160 32888 11904 2668 33444 15176 8108 9636 8764 7796 19912 14944 660 3416 25432 12980 9996 20852 21128 8088 38788 1664 2384 5024 16 26824 24292 396 32364 37792 24528 24472 26660 16368 20144 12684 21020 27732 20192 16264 11428 20980 6044 31340 14748 11632 21288 15876 30968 384 23064 33868 1604 32540 36708 36104 31064 12480 5620 36932 27960 17556 18168 16364 13116 25756 3564 6908 31248 21536 38556 34504 13128 14204 16800 32928 25160 33224 2816 21076 33184 14760 2392 2428 37424 23956 11292 16156 5448 27200 14176 19188 8 38824 15588 8624 28636 36584 34872 3892 31868 10332 6928 37980 36996 38172 20672 37168 34176 14592 17024 38612 21812 24836 38384 5128 38064 9976 11420 26620 5372 16996 15020 27432 24848 18300 35364 29100 
7048 9400 28152 23252 13056 31140 36540 34988 3384 12204 1728 21272 38368 14924 10872 32484 22800 5960 39944 28920 32936 14600 12088 0 7448 15028 19900 27812 18760 28492 12160 35948 4300 34204 39276 7140 12204 22764 34040 14144 152 22092 3440 18964 3460 5280 25500 24560 11156 18500 26324 7556 26944 33332 19184 1260 1916 37876 17612 28464 15924 11016 4228 33284 14432 34244 27356 11548 17768 5392 27124 28956 9620 28632 3080 26540 1672 5172 25080 2672 21260 38972 39392 11080 18892 1876 31876 24204 22520 12540 92 1272 35480 33516 36232 30496 24904 872 32772 24724 37528 30752 12656 19960 9764 17188 15952 16096 8888 25592 4816 29264 12260 16304 18656 35148 21408 2528 21380 12652 37872 37072 12548 27292 37684 32240 24396 23708 11356 27284 36524 6628 26264 7748 10148 19688 38256 31108 13828 21496 29416 23092 22496 8284 18856 19000 21668 22528 23340 34496 18760 16948 14700 132 13316 33192 10900 4060 28072 4672 7552 17300 32720 22836 26880 5900 2224 36296 10888 24380 1608 2224 15700 14852 39036 39292 13876 6200 39108 21616 21648 17624 18220 23068 37868 21012 33860 31280 11636 6468 9736 772 25384 5376 28604 4552 10408 15364 14644 13576 
21380 20780 18524 33528 10116 29192 27480 800 20676 4624 13572 24692 11328 37788 7396 9096 30516 14860 324 660 38772 37184 1720 7448 0 1588 21600 17308 3396 28292 38688 38472 17480 28272 27664 34780 26428 21432 32372 17072 32608 30360 9632 18760 39472 4508 37588 34988 35004 14864 36576 4540 28616 36000 26916 36292 30928 2396 38004 12084 35748 35884 33028 27968 33660 31120 23776 25608 16604 35904 39828 15768 22784 33280 26532 25724 1320 22276 36160 32552 5996 24132 6600 34024 37476 10940 31960 19172 23396 3484 39444 10200 35640 35288 36928 37812 14280 9628 25548 1652 37420 6408 1708 17868 26452 5860 2880 25596 26004 5800 1560 34280 8004 39456 21780 3672 39220 10628 22516 38416 21628 33148 22396 29060 25064 11440 30072 1420 1400 9112 34616 6088 39764 2416 352 30072 12076 25464 20468 22328 28320 4092 33776 15148 10908 25220 39052 13220 27544 38600 31236 12284 31920 37808 13972 39188 31628 17400 12768 35324 32712 13036 23240 15220 156 21516 38724 22196 3756 7572 31712 13004 8692 14268 13436 13256 20208 3944 25996 15540 21792 26508 11404 22152 36172 2016 31896 4224 8568 14356 5952 39192 21528 22968 14308 18472 740 29428 408 7188 
23436 32112 32560 14788 17868 24836 16828 21892 5460 22364 10140 29356 35260 38692 24748 31536 7084 13988 52 2576 34800 14508 36036 15028 1588 0 1216 25792 19652 27844 13168 21580 1780 9828 37032 16264 812 16620 26908 34136 36912 32532 31924 28436 4524 944 34752 31620 11176 15808 36796 18616 1324 18408 29288 39996 9624 1116 19800 31860 37964 10172 13428 39404 680 9220 18132 948 32320 35576 33480 9384 22292 11056 32328 17864 10836 19244 34664 6624 10624 31092 23072 37804 28432 30696 19188 35184 31208 23172 10476 15632 10928 16452 26772 29232 32628 38900 35884 34880 39968 24652 17712 28284 2696 8480 26176 29228 436 2152 18416 24936 7104 14072 556 16488 30388 4148 9460 5088 30624 15680 19848 5096 13468 16272 36120 20696 20752 29476 38300 13080 33828 29208 21436 14996 13896 38680 17876 39564 33552 5808 1748 236 24052 36920 25056 28740 32580 20684 24748 27924 13960 4080 30132 26352 31128 12336 30024 31540 28788 14668 8996 8684 34604 27744 32104 21792 12296 38672 27456 24052 1044 39492 6020 34344 25520 34924 28016 6764 31020 15368 35320 30036 27932 16944 39176 23640 68 484 2656 27640 21108 11332 7236 32964 33612 11868 22804 29084 
14300 23724 33604 29048 26816 20912 34148 37420 19432 39732 5880 23068 824 37324 11260 6980 13264 5924 25004 19644 16884 39504 37968 19900 21600 1216 0 34924 28584 10584 35980 24384 25592 18216 17188 36196 6488 16500 20892 32336 16372 37072 25888 39876 5968 20452 19316 7084 9672 33824 2996 22712 19436 7888 35300 32808 26328 32240 25400 39428 31672 18536 6776 15680 39640 30956 26832 21384 13160 33200 39568 13800 25000 11520 38080 17760 5964 3060 33864 9592 21988 8944 19728 39220 22088 21464 23212 4756 8984 4736 7396 24088 34316 38228 25980 37664 30280 2472 9468 7016 19596 36432 9372 3288 15684 5808 17324 10168 14884 31716 5896 35636 12644 19068 8088 16868 25508 14084 22336 12664 30832 30260 19852 27800 26028 32188 21268 23684 19280 16624 19400 39652 13588 20132 15012 39316 15976 12708 2464 26316 33792 6772 32136 23884 29968 876 6452 2536 19052 27508 36440 10348 15984 24380 35668 10096 39432 18580 38428 17728 21544 2908 19068 26476 6048 13868 39304 11020 26552 10608 472 36044 26888 4196 7452 23624 35424 16660 1316 23716 15188 19108 7416 2256 21688 8312 35884 11124 30296 31184 1392 14392 5092 16428 39032 15292 31016 2836 3212 18156 
4744 408 3232 23168 22200 15556 10920 25080 21968 32124 9596 16116 39656 16692 2688 2168 37448 32492 37336 9480 25172 27812 7552 27812 17308 25792 34924 0 21220 3528 26432 9816 1488 35584 24824 34772 23600 14352 7304 8528 9524 21888 15272 3468 38304 28884 9648 31660 37492 39412 32196 38912 11072 37924 17980 34532 25652 7840 5804 11116 26908 21116 23568 38720 8032 8164 15356 7872 22200 27496 27168 25712 20784 24480 38152 39676 29324 38552 34244 33108 23032 28300 11020 27136 33752 13760 2724 13260 30248 5328 4288 30904 3664 38636 23224 14468 20100 4772 28288 4096 12064 15272 11776 4648 10816 11136 32320 27208 11364 15396 35072 17492 32044 38504 16152 25552 20536 15924 28200 21152 28212 7368 13988 9164 4676 16980 24864 29404 14376 3892 30976 35228 7148 22472 20132 15324 4596 1728 12164 13008 14172 3124 25672 27464 32788 6308 4016 31260 31944 2024 37468 28516 26084 21644 28356 8148 16240 22672 36080 16484 10684 39612 28900 23692 14540 19532 19360 28364 10228 11764 10204 14652 604 31068 27688 26304 36648 3624 9156 31988 1620 15300 1716 26288 13528 11472 18972 20748 37792 27852 32596 29304 31968 1656 25676 2524 34448 22492 4708 35008 
13616 26612 33668 12960 20836 14676 1316 1812 168 2768 5840 16512 5952 13144 24772 26368 18100 17232 6800 26616 6608 33484 25560 18760 3396 19652 28584 21220 0 18932 12372 37072 20336 26656 34176 30908 17908 18124 37984 24244 6088 16340 24616 256 26024 3332 15796 15536 10472 1876 30292 38248 2076 24296 35368 23032 35392 20204 13032 39548 7132 5064 10304 1536 28884 1448 13040 33236 6804 34856 12548 80 2548 36004 4452 20524 19908 31412 29180 25876 31460 14180 13380 5008 29636 16864 21728 20824 16592 38276 18448 15384 17228 6100 7936 30488 9748 7212 33860 700 38144 27592 6096 5580 20968 13632 14932 38084 20744 36800 1816 35944 28464 33504 26136 12964 7448 1992 17324 17044 31036 28244 31668 11836 38416 2632 3276 28940 22992 19324 28468 27456 37704 20220 33044 27792 11576 15368 1780 16616 21972 21660 39516 9816 36876 31772 23208 30340 31608 15124 14380 7792 34272 2820 11240 16652 24440 38396 29948 32 19324 26268 34320 15788 11888 39744 3424 11884 35228 20488 36372 27936 37640 11288 3720 9696 22708 34048 24860 33476 38820 14828 20744 27304 12460 7836 1344 5708 29672 20236 37204 5032 64 29664 34496 36096 7720 36300 2892 21156 
11628 9460 28596 13276 35040 3064 15008 9072 39592 34396 28292 7996 13512 26308 3096 10896 16252 37368 32816 29036 37172 9892 28436 28492 28292 27844 10584 3528 18932 0 23404 1388 35684 11980 22436 14088 31496 35908 2592 38500 36988 6840 6432 2796 19888 27940 22400 2252 11772 23004 9108 38128 9924 3324 17160 4252 37704 6912 32848 3140 12736 37028 18208 3592 2336 16808 31668 21600 15536 26908 3792 16440 11112 23020 32400 23852 10912 180 31500 18156 17952 20664 18368 5176 8612 12424 13180 17900 38276 14888 15552 16648 29864 39044 12368 25748 24560 38608 21264 8488 4152 19268 24188 32292 4372 2740 15316 5940 8528 12636 37808 756 936 18936 13696 17604 9392 27972 21332 31596 16168 34812 4736 36332 26808 4876 29240 19628 36220 21696 7788 12544 1288 27696 32296 3612 19536 34844 14396 124 3092 12044 29988 8384 27396 26192 11960 34764 24020 23736 5432 19460 16956 9584 9924 24820 31732 30316 2804 10124 16804 18500 28420 14676 6504 5020 7252 21076 5000 16296 9476 20604 568 23256 27336 12508 9632 38936 10660 39128 19876 31604 19932 8728 31848 10236 1264 27872 8416 9292 17664 15268 31424 29584 20968 18924 14996 2184 18816 28492 
11532 2288 2976 18912 23340 35448 6776 10604 32832 9188 1452 31512 38720 780 160 12324 32804 15020 24684 39824 13704 18916 8964 12160 38688 13168 35980 26432 12372 23404 0 14784 12188 21024 4700 22560 29256 39768 17708 25568 1788 27912 36300 39960 21588 9904 39772 37680 35924 29536 14368 16268 33848 29048 6200 30816 3640 23864 12448 17576 8272 27368 22784 8528 15736 30120 12852 26284 11156 27820 21692 38760 7496 22464 15004 2896 21828 11044 6076 36904 13924 26140 36316 10328 34152 22812 27196 11344 37476 16164 5540 688 30484 3928 14008 11500 28292 18488 28628 24592 28188 22664 15296 18376 16940 13684 27088 22944 38592 29680 14264 17604 39648 3104 28848 1248 18500 15436 35652 14996 16024 37552 31616 26392 14148 10124 25344 34600 19312 8460 38728 5948 17708 6092 22484 19216 19112 1568 27532 9980 16268 2756 24076 33480 16620 13076 10220 15320 33316 14024 22092 9384 12352 28336 27204 32384 2712 38224 13096 34340 6400 23004 32972 14456 35204 30524 20336 21708 31140 6736 34436 29504 37372 37848 8372 3868 16496 29336 1816 14444 3140 16304 10160 7744 7644 29448 31976 31972 17760 11108 26688 32864 15264 5708 4296 29836 14280 18996 19068 11900 
38360 26852 14168 13272 22016 11872 26024 30852 19332 39696 15220 2632 6848 36900 31992 29384 10972 32216 24420 12312 19100 2768 2140 35948 38472 21580 24384 9816 37072 1388 14784 0 18276 30432 9024 22648 2540 13152 33148 33724 39060 25788 28140 16164 10652 10632 16632 28940 11212 22448 28720 34104 18992 22288 8680 37944 39752 20784 28776 7436 6672 5176 22008 21468 13884 14528 15648 6160 30536 17492 17520 13628 12216 16948 36828 13632 16640 15988 11408 17456 20492 9516 23344 3344 24232 15900 34744 2972 1832 13072 25608 38220 22240 13356 25620 7712 39472 1520 21780 32420 18256 30316 13732 19784 31992 17980 18632 15636 20028 1976 37504 3408 21044 13456 4888 19880 29432 26708 33688 26964 31596 8036 37104 28792 28960 18460 19484 13556 24664 14524 18024 29436 712 1700 7144 34024 2548 4648 7432 6584 17864 8828 11068 22528 26556 37712 25512 39528 8672 20092 27440 34568 27260 31764 28716 21376 32948 26020 26320 7548 7204 17288 18108 828 31040 12336 36248 23808 36156 33364 244 26508 5316 27392 1376 36184 38840 26328 512 13732 34156 12064 11056 16052 15168 30972 9008 33808 38436 32208 21952 3864 12968 34184 18876 25856 20508 33556 32668 22216 
9284 39440 39184 36000 25200 27840 13660 16896 22208 31488 11308 31036 32868 29060 30492 13768 21384 13188 12320 22744 11004 24864 9748 4300 17480 1780 25592 1488 20336 35684 12188 18276 0 13232 1148 37192 11072 15680 39152 30828 11364 7836 23996 28296 9552 36208 29264 32708 27308 29788 32996 29676 19572 7784 23816 15348 22308 15956 30204 308 19392 18504 7300 21136 7948 22296 5652 1536 31556 376 16212 34936 676 31600 16020 30400 9680 3280 28948 33708 29852 33712 25800 25540 27756 21468 18260 8588 8300 18292 30968 5504 11940 12544 6148 39520 25340 12 25156 19656 14868 28952 1300 22360 22360 36316 8336 31492 32432 21948 19004 8480 10832 37660 37976 14544 3084 38104 23580 36884 32888 10224 2720 20688 29632 8268 33292 18816 24348 11152 38556 21060 23548 9076 27772 34864 20276 16304 27496 39360 11752 36916 17944 4576 23016 20476 18736 17756 25904 14420 38448 8572 12752 10124 12336 15216 14220 29440 22560 23136 20552 8628 25384 18380 15752 6552 39608 27348 23912 33996 688 4912 37196 11016 14904 2680 24792 9120 37920 19372 32184 25276 12156 25108 30188 24496 27304 21556 23076 37948 38400 9724 15160 33468 5788 27372 5264 5288 11412 27836 
39272 18864 22444 33908 39916 13804 5796 10588 2936 38932 15148 12484 15172 21668 23268 8900 13608 14904 4340 1024 776 25512 11780 34204 28272 9828 18216 35584 26656 11980 21024 30432 13232 0 28380 19956 35716 22192 33968 5188 9640 36592 188 38692 5988 6708 13528 23660 4612 21084 13124 7960 35748 15312 29208 13812 35880 28944 35000 14824 548 26916 21492 27344 28412 17472 34420 12864 21012 8356 2872 18520 12540 33244 38840 32408 34032 10216 17152 676 26368 4200 15108 23268 6412 35208 1244 35164 20704 24284 12532 9984 31056 39024 29472 12880 6464 10532 8392 39540 25640 23700 20352 28212 4616 12684 16016 1608 33768 23460 25900 25556 38588 15300 15316 1292 8668 23100 23436 38272 9192 32368 25832 4344 39352 8828 9860 20192 12048 14412 2284 34912 19272 31628 38472 29588 17504 8096 32616 5764 37532 3132 38252 5660 33064 8340 38548 21032 12512 23956 15664 17528 28296 22932 18608 31444 8076 4576 38948 25712 22268 29632 33708 2048 32228 18688 4928 36104 13464 25780 15156 32468 38284 29056 28300 6476 32208 10404 35224 29612 8556 25884 13424 25448 35584 18844 196 12932 508 17660 8636 3972 4852 9844 5900 12132 35428 34536 23032 39332 
33064 7196 24304 3136 26420 28708 30892 23472 20156 29976 17160 4112 23968 23268 16784 9048 37320 26768 8840 24152 19528 9280 28736 39276 27664 37032 17188 24824 34176 22436 4700 9024 1148 28380 0 5384 5168 35776 37436 29624 24176 25764 11604 9072 1704 1400 2280 8056 100 7852 12664 39256 16096 5544 38588 552 2580 26464 7652 38156 21816 27728 4480 20440 31964 31720 8976 16768 18808 32248 24508 5752 34556 35992 2784 7312 35576 18744 22412 2876 20968 25696 27944 18140 23800 15236 6320 32728 36972 15588 7548 31160 5452 13668 26520 39444 26884 5564 12868 1760 32388 7964 5660 1520 29396 39960 39872 21228 38480 14564 1504 5512 25952 9336 18184 1676 24204 35484 22160 2196 1592 34796 12576 3464 13768 3844 33820 5240 18336 34752 16956 5112 24704 31944 976 12380 21016 34260 20852 35732 9996 1780 39180 9084 15656 16776 28388 29944 12668 18108 264 14728 20320 38492 29780 5304 12912 3988 10064 11272 28476 5100 5316 2220 27688 38832 38680 34432 24856 31112 1828 26372 22836 38944 23196 27336 13808 21644 1704 33640 37684 20572 22904 16724 20164 36712 24340 37532 2160 25464 7064 11592 22600 38048 20152 19088 6396 28896 35112 24380 
