160 45
0 3545 7420 6965 7509 6665 8744 3817 892 8988 6372 6878 5172 7077 9406 640 5214 4810 2478 1973 1418 1900 215 1817 5025 4803 3659 6677 2498 2994 3505 4159 63 6062 7479 9259 2017 9616 1716 617 8890 449 8472 8461 4041 3946 5024 8466 9817 9188 1087 8232 6825 9740 4608 5614 2446 574 8267 610 7168 4106 1538 5037 9834 815 5646 6709 5398 2406 1279 7334 1290 7998 1372 5849 972 6287 3836 1415 5791 9178 1558 2792 8711 4829 9513 3305 6027 593 1356 3124 5651 8823 298 3081 3065 1002 1655 6740 8529 8175 6875 9930 1647 8152 1408 9476 1882 2436 1262 5332 6104 8369 5578 2845 6782 4445 5075 4366 6900 9268 8713 1917 192 7118 3408 5151 7802 5600 4148 1309 4943 3342 4352 6397 3670 8209 8824 9306 342 9005 4127 3090 8878 6128 3743 114 3400 9150 7845 306 6352 1790 37 4221 692 7249 5897 5137 
3545 0 7246 9370 672 6903 832 7608 5966 6757 1226 6250 7768 4837 7582 893 661 4597 7394 7607 5552 851 3583 2784 780 4662 5829 4128 8928 6797 4707 5751 4198 3961 9755 2853 7681 4542 5041 3954 377 3064 8336 1136 6296 5093 2489 1276 502 6789 88 3736 9413 5842 5006 2471 3245 3006 6929 3034 2896 5937 7453 7442 6152 9576 8845 2370 535 9777 9073 8645 2651 9406 9178 2508 6370 8635 1603 1613 4693 3634 553 1229 2640 403 8000 8614 1010 2937 1411 6041 3356 7465 1797 5422 1006 6965 3185 24 3501 2688 7087 1224 4264 1898 8089 791 3858 3551 9123 1644 5685 6133 7537 2578 1451 4382 5551 4899 6252 4090 1186 1463 5627 6736 8268 1072 9413 8144 6602 3700 9752 7891 5899 4519 3093 8689 9558 7189 8533 7462 6902 9391 7334 2317 4946 6060 973 2156 3303 8293 7554 8127 8323 8396 8939 8638 5047 4054 
7420 7246 0 3432 2160 8080 7065 1365 4527 4979 4635 3426 9959 8233 3688 4077 7521 4452 1156 4902 7247 1840 5731 5237 2637 9556 9042 9903 8744 5049 6716 6423 7587 7972 2310 6529 5091 1758 9564 9327 6274 6455 963 5954 7917 8917 3056 8075 410 8939 1522 5059 3018 2438 1428 7181 9264 5265 677 4696 1667 3744 7082 5121 7533 539 2065 3576 45 6932 6426 3528 1338 5112 6170 7775 6806 6570 8841 2021 2345 5186 3354 5878 8754 6113 8771 8651 11 4042 7 9735 4653 6947 932 5977 1956 3899 7824 850 7164 8053 8661 2766 2457 8390 6208 2395 2900 6308 5374 1314 9071 5673 7800 6841 610 7395 9158 396 7382 2156 7124 9226 7492 7351 487 3845 3867 6858 2375 6037 3618 4730 3059 4746 6900 6384 310 9724 4502 3404 7765 5259 5866 534 4285 8836 1776 5971 9773 2075 8410 8532 5402 3784 2003 7807 8749 7483 
6965 9370 3432 0 5810 5882 6785 8226 3611 1728 2193 6076 6468 1848 989 6079 1948 3285 1906 7068 7537 7562 520 4156 2467 6683 3577 2249 4663 4749 1493 429 2038 1321 9500 9556 9857 5089 404 7914 8377 8966 4416 2274 7493 191 4039 4183 7605 1536 4471 3859 8425 2205 2494 6502 9936 9529 9314 8389 2237 5046 5333 2588 3480 1057 7306 6634 7615 6256 863 7006 6180 1521 3862 7762 837 9478 8536 3168 5872 3899 2916 6656 2399 7566 4478 978 8462 9665 1510 6870 1762 6315 139 94 4242 334 7511 9195 219 8814 4073 8809 2319 9628 446 5869 1895 429 6838 8567 3177 6270 5475 390 2863 4407 9025 4099 9357 7402 471 2974 8397 8106 2409 9185 4268 2626 6241 1623 8338 9854 4228 8039 9120 8675 9867 8830 592 6424 4583 2323 7982 4703 1167 3897 2749 1144 6968 3782 966 8207 2284 890 1834 2625 1921 2507 
7509 672 2160 5810 0 5537 1565 406 2208 2171 4119 3801 819 5943 9207 3603 7786 1386 3495 690 2786 779 5408 9789 9920 4523 3850 7423 9353 8664 2705 8818 3711 6294 4734 1736 9111 2055 940 7694 3144 1447 4011 3549 4676 9179 6928 8912 2786 3263 333 7361 4708 4090 4751 1923 5109 180 6254 7785 1543 4855 6675 7725 3440 532 1951 8196 4455 9860 4694 6576 536 5428 9586 2508 8545 2248 2694 8835 2782 9745 8285 78 9252 2470 9254 8928 18 1246 9742 3733 2488 8977 1054 2434 981 7832 4451 923 403 7024 6927 6303 4390 2907 8560 7996 2766 5603 2521 2196 5636 8880 1353 7604 3984 2505 5595 2947 9109 8781 3356 9225 5734 7500 1934 2158 6150 6011 5064 2822 5225 3647 1897 6908 8623 2209 6301 5614 9086 6730 7579 3596 8112 3252 6196 1983 2878 2812 609 6905 751 3375 3793 6501 6229 3922 564 1893 
6665 6903 8080 5882 5537 0 7666 7415 9278 77 3598 1862 4016 9206 1055 1187 5836 9241 659 143 4195 3420 5885 9972 2129 8543 6314 4038 1287 4505 7217 5147 5408 6082 331 8774 3349 2412 3153 8925 5236 2155 6605 5833 7853 4792 3413 7228 7846 1039 2042 7388 3852 7835 3533 686 1124 5889 1076 8864 4777 233 4688 3750 212 6770 5801 9620 1850 272 9144 1949 3737 1804 1734 1754 8133 6043 1331 7252 672 1451 9203 7044 3189 8787 4540 1568 7809 5911 359 2001 8381 9358 3250 8368 7870 5650 1808 1052 2785 7810 1078 2429 8238 5053 2881 7853 9739 6116 4349 7705 307 9202 9513 4720 4003 4005 1299 3326 9466 3778 3758 189 9560 7927 6897 7714 5707 8086 8928 4695 8028 3147 3299 836 4850 1213 348 4386 7707 8951 5912 4569 402 1298 1750 3057 3244 6997 5106 1197 6037 7941 7281 2202 5929 2771 3528 36 
8744 832 7065 6785 1565 7666 0 8701 7726 9140 9205 4608 181 9057 2176 2342 2874 841 3643 7232 9269 3374 3354 2266 3025 6098 1725 3022 7056 6166 4951 118 132 3337 8845 5260 1501 4948 3109 9488 6495 5834 269 4712 8594 509 5982 2138 5911 7476 9944 3665 2571 7992 9105 4861 7951 4148 7428 601 9252 3590 8889 6962 5364 743 2953 5483 2508 6868 4243 8359 4603 3802 606 5682 3849 8719 6321 8319 9476 9772 9639 2512 5139 4932 6394 4808 7926 8896 3900 8400 4439 5392 1841 4477 1933 4723 9394 4682 4966 8907 276 3263 540 9244 9966 18 7189 3657 1791 7622 6005 3656 1112 9436 4039 3264 9327 6383 3080 4747 1906 3998 9252 8496 7172 3229 1414 6907 5065 1098 8831 4589 7580 9804 1077 9767 5130 5374 5641 4197 5519 9441 1214 1461 4776 255 7116 5966 1540 1517 1826 7508 9242 127 6106 8731 2776 6439 
3817 7608 1365 8226 406 7415 8701 0 8664 5330 8896 3127 4839 1345 2057 1242 1266 4384 9910 4561 2009 8123 5167 5824 4103 1925 3076 946 2996 9921 6202 9801 856 4396 738 4677 3199 832 1077 9985 1823 4434 1847 9325 4506 510 9141 8494 4443 3512 5149 5548 4883 2122 2924 1479 6948 195 489 7639 1087 5919 6011 8478 5144 4033 8252 693 4508 8439 9033 2401 2308 5069 6911 8399 131 7328 3795 134 2220 8976 8722 1457 8630 1788 5514 3766 5312 7821 3523 6623 1579 8657 3196 2449 7947 6446 673 6378 9793 4102 8132 4877 4822 4488 9111 9216 4795 947 515 2389 4495 4009 5535 569 3401 1622 4189 2704 8034 2761 715 4342 5442 6735 9521 4273 801 3070 3925 5089 4596 9273 4394 1259 7347 6353 5501 799 2357 4425 3329 9146 9445 3247 7526 6320 5128 5033 4736 968 7239 9379 2637 7396 4428 2664 6277 4162 
892 5966 4527 3611 2208 9278 7726 8664 0 3524 6746 959 5341 237 4313 8367 8050 1145 730 5167 2326 7462 4721 5796 1947 3529 2734 3662 7302 5522 4331 7470 3889 8330 8446 1889 2542 1069 2858 4289 9986 4216 1720 1761 804 3821 8488 5136 4409 763 4093 9226 3131 5531 2705 1004 9990 1486 9921 9945 7266 2079 738 7239 9453 9993 7138 3104 6692 8680 7637 3911 7273 9257 3645 3344 306 8231 9970 4312 2152 4025 9322 825 2706 2771 3149 1575 128 6339 3662 9404 5114 8072 4378 3421 8304 4193 9037 2946 6916 1357 1229 5030 9203 3309 9581 9757 7829 2134 5839 39 5749 2038 5702 5146 698 6166 4735 9660 6873 9389 4222 2102 4910 2559 4285 9926 3742 6180 4134 109 438 3975 1768 7065 6616 9316 7993 2076 2513 9976 2080 994 2328 9192 8926 9397 6909 3485 50 6943 2390 220 3267 5132 5869 377 8395 5195 
8988 6757 4979 1728 2171 77 9140 5330 3524 0 1722 4481 8822 5321 4642 2194 1294 8963 8006 8501 8753 8412 8654 1986 3584 384 1674 3156 1092 2821 1301 3276 5585 4639 6504 6698 3874 2620 2367 2144 3554 2201 856 907 5904 1339 7064 2452 5752 9205 9526 370 3140 3903 5703 4174 4148 5945 6226 4881 705 6692 3989 4868 1741 3493 6693 4968 524 5721 3932 4262 5512 8447 2413 551 4588 2951 5398 1969 4995 5803 4981 2711 3837 723 8269 8330 6477 9948 1082 8598 2675 4314 5245 8374 2823 3782 8093 9458 9104 2622 5252 8911 8927 5969 317 1784 487 6978 7495 8748 2781 6299 5836 1590 4935 8073 6116 2026 2180 9192 3992 1822 8320 1022 5497 4684 7042 5316 3495 2877 6907 8543 6169 4055 7360 1332 1149 6260 5621 2271 1361 1572 6775 7767 1210 1358 1931 2189 4165 8615 1774 5011 5367 5347 5363 4183 5331 5474 
6372 1226 4635 2193 4119 3598 9205 8896 6746 1722 0 6517 7433 3348 6215 2634 5732 1682 3436 3283 5634 4146 8915 8418 9713 5160 4 8549 6813 7880 4646 1728 6334 2493 7232 4682 3266 8272 3250 7934 3196 5487 3197 7271 9004 5755 8743 6391 3471 1945 6581 8071 4504 1201 7966 3709 2217 7210 4390 3578 9573 278 2364 2636 807 6332 2793 9232 4352 8428 2886 6568 9489 6862 1090 9235 8432 6478 8013 9690 8072 2270 8795 2005 8101 6865 4910 2734 4728 5987 5856 1248 1715 492 3707 4369 2934 6073 5995 2660 3195 4213 4895 8208 6525 511 3170 6246 3650 8933 9859 5450 2878 3125 1166 4274 1116 8342 4527 3139 4223 122 6312 4848 8437 8268 6148 8050 7076 7260 3316 1106 9252 6661 3196 6202 9794 7642 4236 6046 2121 4193 8396 7996 8265 133 564 2972 2773 5495 4876 8974 9710 8403 8445 1574 4470 1007 5443 6207 
6878 6250 3426 6076 3801 1862 4608 3127 959 4481 6517 0 4622 596 7015 9619 6509 9461 4991 306 6820 9622 9867 285 844 988 6021 3060 1638 4074 9637 5101 6824 842 7299 698 2227 9774 5726 2527 4075 3766 5629 2774 3994 1939 5134 2153 3488 8961 761 6678 7158 7972 6424 4518 6343 5702 3411 7778 7434 885 6819 6566 1555 9558 6419 5174 4844 3336 2408 2718 1046 9258 9025 3091 644 2303 1494 1566 3238 4163 4270 7888 2392 4372 1051 8207 4678 2377 9524 694 7123 1658 6320 2182 9782 9474 140 5673 2662 8345 3523 1060 8705 7854 6229 3906 7058 7859 5698 9627 3341 6726 2562 2908 6140 656 1670 4719 1438 2712 1601 1759 9203 2641 8136 5668 8852 1076 9648 1871 2814 4214 4885 374 9909 7579 6122 3372 2750 9934 3132 7007 5910 966 5964 7117 4050 8815 6986 1330 1745 6061 5163 2328 9206 5241 8042 9649 
5172 7768 9959 6468 819 4016 181 4839 5341 8822 7433 4622 0 643 7507 9408 9851 4465 513 3090 7388 7044 4117 5866 1048 4267 5012 4960 3285 7589 3853 8082 2303 3802 996 6486 9219 249 9434 4012 5164 9694 6018 7592 5658 1567 4569 7169 2102 8808 6965 5514 2736 2027 805 904 7899 5187 4730 8130 6946 9554 5015 5806 6656 5106 9503 436 3472 1136 7498 233 4436 261 6690 4127 4133 2563 715 3960 7520 9071 3454 315 956 6307 8638 4960 6297 6119 5886 5371 5383 7512 6736 9304 4775 9705 6795 9886 3084 8118 2577 4189 5718 7531 4130 763 4418 9105 7059 4091 1405 511 16 6433 496 865 6269 41 21 4703 430 5191 4891 1701 3957 2028 7666 1370 5489 6665 953 4442 4648 4528 5992 5160 368 6403 4763 1195 7368 5153 5466 416 6847 3588 3708 6213 3 6432 4255 5612 5472 1882 676 6890 4274 710 
7077 4837 8233 1848 5943 9206 9057 1345 237 5321 3348 596 643 0 2738 5908 8356 3384 3884 2886 1348 8177 3645 3836 2592 5725 2327 3370 8068 8020 7816 8107 4295 2282 6849 2392 3804 2703 5588 547 3276 5515 6847 2379 7939 5363 3809 1153 8326 3436 2590 5757 7969 344 8471 1277 3143 9195 3172 4695 8239 6846 2976 4935 2869 3798 86 8977 9294 5702 2019 8244 1261 1944 6420 2001 7862 9282 1103 6972 8482 994 1687 4895 7458 4520 1671 2232 9520 3054 2267 8767 9617 9065 1873 4283 3230 199 7488 5073 5746 560 2951 4467 2006 2803 1319 4118 9607 9043 1248 5265 2066 1012 9701 1671 420 2475 5849 8484 4378 9330 3489 3715 6597 5394 1839 1565 6199 4332 7033 9317 95 688 9191 2012 3243 5509 2372 1625 1396 4502 7281 9959 2475 9228 9061 6987 5115 4263 5019 8844 5528 5827 9620 2199 6228 9832 6612 4225 
9406 7582 3688 989 9207 1055 2176 2057 4313 4642 6215 7015 7507 2738 0 2749 9823 605 9876 6929 7781 2957 709 7861 3257 9315 1947 4108 8800 8644 7016 3262 2159 6105 1276 7461 8217 4598 9155 5939 6134 2347 1411 8216 9656 6340 1739 4013 1080 3994 4449 8491 1812 7870 7416 3907 5027 787 7041 1275 8354 1186 4428 8137 7102 1075 4503 1029 952 1414 2293 3733 9619 2265 3072 4922 5428 7572 5616 1279 3292 6895 267 4685 1038 8958 6024 4582 5577 4338 3395 9088 2867 7161 2217 967 2138 8121 6165 7049 7364 3695 8163 2191 1432 8875 3436 1366 990 3267 9395 5990 2430 2911 4091 3066 1994 2655 7453 8244 5450 6421 2028 6393 5320 5229 2440 5773 6128 5297 5287 4408 631 1081 3702 9749 2506 583 3288 5221 3462 2788 8645 9748 5245 9551 2213 8849 9499 6802 9658 8409 966 2397 8492 4693 1976 459 9180 6733 
640 893 4077 6079 3603 1187 2342 1242 8367 2194 2634 9619 9408 5908 2749 0 8714 4566 428 9645 2212 4614 2880 10000 9553 4704 7945 6819 3251 1906 967 4308 9270 8229 458 4904 6652 646 7621 3745 4228 6530 2866 8148 2381 4323 8555 8183 321 1795 9678 6961 1845 6744 6696 1692 5065 7456 7254 9146 4041 2798 5994 1583 2821 4266 4181 1756 4834 4840 3359 8081 3123 1995 9766 3571 9361 4701 8713 4614 2151 6759 658 8208 7554 1328 3180 8730 7320 3966 5593 7846 2799 4046 5391 3643 4991 6889 8268 7588 3708 1442 5918 400 1314 870 8335 435 9021 5879 9834 672 6193 3138 519 2897 5640 3628 7396 176 373 8265 1873 1219 9772 640 2852 2713 5658 9233 7138 8238 1215 3920 1376 4840 8250 4140 2248 867 752 8549 4129 1162 5212 8519 5946 8195 687 314 1436 247 4061 3291 9533 219 8490 3974 4103 1174 
5214 661 7521 1948 7786 5836 2874 1266 8050 1294 5732 6509 9851 8356 9823 8714 0 5480 8336 4738 7202 3580 7144 2843 698 9158 1696 9712 9652 7222 9809 5838 1042 2759 4394 3153 8925 5560 9459 4426 8317 4004 889 6548 8460 5763 1849 6902 1565 5895 5146 4550 5631 5309 7393 457 2426 5049 2336 3466 4229 4383 3165 1237 5429 3161 6163 7885 7567 1405 545 2521 8916 1602 1810 5421 2210 1682 8475 1038 6579 9126 4513 9584 2332 9189 2350 1392 9631 2712 3764 778 4695 1466 8526 8628 9596 1532 3131 5420 4255 7649 4459 8909 1731 4036 5710 3186 392 9621 4465 8330 9067 8172 5198 2384 3768 6288 1107 9850 7078 4720 2590 3450 3802 986 2211 8347 8969 3762 8511 566 6781 2002 3496 3808 1603 4269 1154 1409 4589 6232 6838 2631 2036 6817 9864 5023 4059 5955 4161 7065 4687 9426 4331 7812 6960 8736 6943 2763 
4810 4597 4452 3285 1386 9241 841 4384 1145 8963 1682 9461 4465 3384 605 4566 5480 0 9135 6525 9419 7662 594 454 1354 4468 8532 1044 5610 6189 9037 1453 9022 9823 8647 9625 5082 9107 4983 5821 3414 1302 7537 965 3409 4728 2233 3793 1850 6272 5835 7278 6880 580 8798 7275 3141 5170 7672 8888 5453 8153 629 8498 850 7819 2221 1942 1331 5772 5970 1798 2176 7859 5859 9252 3152 9593 344 8514 2470 5304 4964 4254 5824 2722 2153 5018 5369 7226 9336 8105 5968 2462 8914 3867 8559 6565 6232 9895 2992 5687 4109 8079 5162 9063 5043 9984 5796 2332 4669 8537 743 8320 2578 6472 5088 7020 9076 4517 5956 8979 8990 4785 1340 8807 6100 7337 4797 8037 4313 391 8358 9048 4147 7138 8494 4273 5635 4640 2483 7401 1243 2783 5020 5812 4885 3731 7416 5941 5640 4887 4228 5806 7258 795 4665 1410 7047 1970 
2478 7394 1156 1906 3495 659 3643 9910 730 8006 3436 4991 513 3884 9876 428 8336 9135 0 8613 6242 251 1119 9622 5588 8482 9730 9700 9879 3336 480 3259 3789 8755 3451 53 303 8252 6609 9455 1478 5575 3524 915 110 9920 3787 7944 9025 9275 4107 5467 7220 7990 551 2888 4568 7174 4894 7715 9304 9006 543 7079 5014 8554 6024 7005 6347 9200 6469 1762 5160 265 6106 8155 1330 7913 7190 2083 4936 2957 3370 7221 9040 1630 7937 8164 4780 7935 9946 2879 3000 8657 3653 1803 9128 4640 9266 3442 531 4409 5453 8799 8045 8752 6591 9492 5935 7328 219 6896 6961 924 2664 2146 1804 5428 3312 9365 4548 6136 486 6939 8450 3462 4412 4198 8713 3673 5221 3338 1470 713 6483 8932 723 7735 7219 9876 7424 9416 7866 1102 7446 8664 8174 4919 7644 3798 7488 4312 1727 4802 395 3048 172 9746 3204 9935 
1973 7607 4902 7068 690 143 7232 4561 5167 8501 3283 306 3090 2886 6929 9645 4738 6525 8613 0 881 4968 9215 7071 9814 5103 3266 4437 3313 1567 8512 5663 6327 581 908 2328 3270 4320 9366 6623 724 1307 2061 4732 3704 4616 1835 5766 9710 8994 6196 3594 7276 497 9855 1429 8242 4726 287 1494 5469 2260 9272 4615 208 2383 5900 7104 5843 8691 8989 4746 7239 2682 9408 6260 7398 3917 5249 1057 5644 7843 5335 8659 4074 4887 9031 9604 1464 6885 2813 189 6374 9480 6583 5901 3659 1541 5180 869 1106 5233 3072 3184 5416 2804 2688 8433 9255 8699 9360 6294 3582 8091 8348 7523 1982 5422 1910 1193 6223 9041 6893 4515 4742 550 5809 96 8306 9929 6867 7968 9531 59 924 2238 5512 6710 5839 4700 5258 2613 1176 255 6165 6689 8746 1483 6239 2042 6945 2201 1291 8809 9357 2372 8820 448 598 9182 
1418 5552 7247 7537 2786 4195 9269 2009 2326 8753 5634 6820 7388 1348 7781 2212 7202 9419 6242 881 0 2805 4576 4861 1652 6123 1936 5137 8616 9816 9596 3581 2411 917 6968 5982 3124 3063 5745 5819 742 6612 7345 5868 5040 7473 3962 7816 5565 6384 1812 2876 6545 2842 7669 8843 4077 416 2289 1585 5432 2648 6810 1417 2826 1275 726 7347 6492 981 2523 4640 4411 7403 6582 3691 8526 7605 2428 663 9805 4742 4932 2852 6979 1136 6550 4277 6306 6476 5199 9421 2206 359 3861 5630 1109 906 507 7120 3356 3652 9444 6060 506 7444 7662 8710 7883 6553 2291 7070 4711 734 7757 9017 6685 7438 3719 2406 8310 2901 7404 1080 4865 1332 6410 3283 6331 3915 588 5431 8118 1842 4086 6716 5949 97 1151 2501 4740 1216 1793 6992 3807 732 5890 8141 3268 8528 6829 255 8963 2819 8295 2279 5742 5980 277 2222 
1900 851 1840 7562 779 3420 3374 8123 7462 8412 4146 9622 7044 8177 2957 4614 3580 7662 251 4968 2805 0 1470 3939 2901 693 6588 3347 9180 9023 6570 3257 270 9921 7133 524 9331 1167 4522 637 2592 5277 5741 8217 8693 631 6048 3890 9923 2016 3575 6750 1437 1073 3409 4146 7035 9599 5981 2995 2617 1177 7104 9350 896 9107 9505 5437 3459 1110 8195 5882 8781 3759 4523 7351 7277 2120 6253 8305 6994 2569 3510 8116 6022 9246 2938 7234 234 7123 4920 2645 7443 7157 1192 5332 1565 1481 2703 8946 2885 9122 67 1433 3028 5202 1439 3803 5707 9093 5173 2788 6870 9500 7098 6587 319 6928 4753 5433 7399 6521 3433 1188 1858 6723 1382 2691 3465 1742 3984 6076 6477 8280 9288 1785 1563 9501 9719 2480 2261 1700 7308 8591 9569 1650 2298 701 773 5091 7457 506 1089 9329 2953 4546 9222 5415 9127 7446 
215 3583 5731 520 5408 5885 3354 5167 4721 8654 8915 9867 4117 3645 709 2880 7144 594 1119 9215 4576 1470 0 443 7873 7006 3880 3256 2448 8914 964 8272 4835 4002 5318 376 5871 6066 1499 7765 1141 3473 1029 3984 5486 3557 3745 1515 5366 6322 5670 8049 4555 4787 149 9003 1138 1838 1444 2400 6266 5905 2530 4697 7662 331 1287 8644 3319 3759 1829 6790 3378 1393 172 6708 646 9469 5973 6550 2731 7785 4546 2009 1248 7630 5880 8302 6080 4953 9886 3245 5159 1130 9573 35 2722 6155 6386 815 1539 1606 4428 4630 7045 3234 2762 5859 3885 5514 7547 1717 7804 2997 8188 9929 8376 5827 4253 156 527 9230 2353 5282 5331 9363 4712 1141 3037 332 3646 5793 3804 9735 8674 1929 4110 2581 5464 8505 9299 5918 8352 201 5248 9017 644 5793 4606 6457 9413 9037 5585 3955 4025 8157 3768 9285 100 2524 
1817 2784 5237 4156 9789 9972 2266 5824 5796 1986 8418 285 5866 3836 7861 10000 2843 454 9622 7071 4861 3939 443 0 9909 3123 3129 7640 9173 7176 8478 1986 9820 9421 6971 1872 1765 8816 7806 2839 8006 4310 2991 8740 4385 5506 34 2072 5642 4822 2112 1674 8239 3482 7420 6353 2921 6198 1930 5572 2482 1868 2280 758 2705 150 8011 3342 6940 6248 4859 8127 7301 8747 3338 3065 7941 7865 9324 9046 8368 3927 5857 5793 7290 8447 7887 2450 9939 2631 4171 3965 4351 655 3054 6856 4574 7570 1342 452 1263 4158 7990 2215 2641 3608 6826 8220 1284 7331 5020 2397 4715 9775 6533 629 253 4579 2248 8294 7108 6903 1011 2348 1178 9289 8303 1548 519 888 1751 896 1955 2401 5211 8911 1810 1576 5626 8814 6205 6609 9392 7224 8914 7278 7444 6456 7238 6184 778 9020 8857 4902 635 5407 5147 2426 61 8759 
5025 780 2637 2467 9920 2129 3025 4103 1947 3584 9713 844 1048 2592 3257 9553 698 1354 5588 9814 1652 2901 7873 9909 0 8913 5718 6060 2525 7019 4733 4065 9679 879 6743 8941 4611 275 7308 9240 1278 8479 7753 3925 3701 9138 1473 3286 7421 7895 3922 8262 2984 4219 3629 4895 5070 1410 4080 3118 3345 5236 8821 1625 3637 4195 4603 3006 532 6848 9944 5897 4968 4205 8923 3344 2950 7626 2565 9112 3945 5210 2662 6143 80 2139 5367 3902 9718 2945 4402 3810 1519 6171 6235 4497 7564 4389 2062 1085 6653 5058 3942 5224 1360 167 4917 5099 4942 5157 5482 7127 6695 75 1229 3558 6847 8431 9018 2711 4597 1735 1515 1048 5367 169 2452 8818 5890 2375 7428 3476 8207 9821 7628 7617 6175 3722 6272 620 576 4967 157 5732 1432 41 1136 6819 8599 8402 4862 1482 4255 9278 6660 9779 3363 8358 6856 254 
4803 4662 9556 6683 4523 8543 6098 1925 3529 384 5160 988 4267 5725 9315 4704 9158 4468 8482 5103 6123 693 7006 3123 8913 0 705 7343 417 7506 5585 1835 8239 8001 7790 5510 9929 3367 905 1073 425 2862 1573 943 5300 9270 5802 3140 2088 4906 5899 353 7480 6977 4139 2644 2736 4006 1753 6770 2150 7534 4332 7576 1916 5833 7240 9449 9237 8831 7138 8275 4030 5981 8191 6896 8047 1286 4080 9513 8789 2205 9390 3019 8028 1651 6483 5718 7290 4803 6436 6410 5156 4951 5149 9306 3706 5101 8215 2741 3951 4537 642 2151 2620 2084 15 295 5108 272 4213 172 1968 7134 7248 8619 8761 4840 9340 1050 1618 6906 9810 300 3369 8179 3895 5064 7563 4324 7062 5867 232 39 2938 9063 1751 7698 3431 1819 3621 666 2138 3548 7531 7976 4646 1776 6543 9613 1809 2891 730 4109 4590 759 2130 2669 1584 8673 
3659 5829 9042 3577 3850 6314 1725 3076 2734 1674 4 6021 5012 2327 1947 7945 1696 8532 9730 3266 1936 6588 3880 3129 5718 705 0 6347 6552 2782 2592 646 6921 5706 6154 885 8883 2480 425 2128 3937 8946 3853 291 7549 9416 393 4645 1072 3146 6274 3540 9736 1146 8386 8185 907 4387 9736 1825 9368 7035 9960 4168 8802 780 1346 3389 1228 8861 3355 581 8584 888 1082 3968 3199 2044 5655 2743 6350 2766 7014 2870 6641 7503 2062 9687 2408 3630 3638 4670 4885 4136 8296 6176 1330 150 3345 6538 9853 1927 6129 336 138 9367 1010 1187 6805 5673 2030 6920 4610 237 1706 5446 7211 9343 8947 6197 3718 5798 1544 4459 9746 1057 1209 8457 2184 5965 1637 1513 9410 8690 2549 4154 1161 945 5193 3481 4777 6104 7265 9665 7047 5284 7727 1903 3364 7 4486 8678 8416 2529 401 9679 5127 7425 5586 9202 
6677 4128 9903 2249 7423 4038 3022 946 3662 3156 8549 3060 4960 3370 4108 6819 9712 1044 9700 4437 5137 3347 3256 7640 6060 7343 6347 0 1074 527 6489 3399 4084 3815 4701 6204 1247 7340 969 1287 8057 1793 2389 9873 6888 7789 3235 6779 6549 487 2403 9504 7110 619 2937 7720 6736 5524 1597 3011 9743 6297 8950 1190 7588 9626 2947 2062 7021 5426 1456 3951 2116 3850 1712 2846 9391 7789 7168 8522 7746 9436 4704 2452 7440 2019 7663 4881 4809 294 2693 887 1963 5889 849 7785 3168 6102 5936 8709 2139 7231 5555 9722 6959 6045 2826 291 1843 5480 9248 9483 7467 3161 1674 2707 4079 3839 8868 6364 4117 9332 5606 242 3540 2078 4797 9989 3602 879 593 4532 7288 9944 7948 5758 7120 4802 6605 323 3565 1210 9976 5921 5753 5626 1883 6859 8730 8342 6626 6281 3960 2890 350 4893 2308 7790 4188 8515 
2498 8928 8744 4663 9353 1287 7056 2996 7302 1092 6813 1638 3285 8068 8800 3251 9652 5610 9879 3313 8616 9180 2448 9173 2525 417 6552 1074 0 1197 9249 2129 9325 186 5905 9096 8122 1665 9201 7201 7461 5909 5488 635 8001 2180 8450 2180 2905 125 2950 6788 7647 8170 3878 219 5063 8136 6111 3194 7979 7795 4159 4032 4287 5583 2615 5244 1783 4193 981 2050 2633 2257 8975 3290 9793 5853 909 7696 248 4032 238 990 2386 5110 7860 1790 7382 2920 281 6771 6906 4764 6213 8075 2025 5260 2727 8417 618 2830 4534 1868 3170 8023 2490 785 9276 5407 9936 1841 9697 3246 7940 6648 1325 7673 3059 4919 4885 591 3698 654 7728 3008 3672 4309 6552 8030 4054 6421 7408 239 6909 655 2813 652 7010 6748 8332 9011 120 6310 3468 7595 8946 6958 4201 3286 351 2745 7016 7109 9916 1361 6779 2959 2454 1069 
2994 6797 5049 4749 8664 4505 6166 9921 5522 2821 7880 4074 7589 8020 8644 1906 7222 6189 3336 1567 9816 9023 8914 7176 7019 7506 2782 527 1197 0 3286 9736 9563 2844 3842 3608 7814 5687 1706 9620 3665 5586 2752 4364 3705 1077 5184 3939 1301 899 9654 3906 3270 1687 9621 467 2643 6190 4303 4583 6130 4969 9052 3253 7377 7055 514 4662 9609 7527 6400 6435 3744 2489 2231 8696 592 4397 9871 6168 8207 3230 5232 6020 8008 1447 4957 686 5747 3221 4450 7375 5931 906 2081 8486 777 4203 6924 9654 7313 15 9855 4635 8690 3426 371 8767 8339 2807 3964 5203 8023 4492 7388 647 3409 5006 1683 9822 3249 1316 5274 363 741 2056 2011 2374 8199 5222 1480 9368 8600 274 1432 9791 105 5151 4682 872 2160 1126 5304 8997 4262 1007 1484 3339 978 8629 4867 1961 9327 116 8738 2104 7102 9880 9886 8884 
3505 4707 6716 1493 2705 7217 4951 6202 4331 1301 4646 9637 3853 7816 7016 967 9809 9037 480 8512 9596 6570 964 8478 4733 5585 2592 6489 9249 3286 0 3236 6822 1495 9120 3802 8709 6904 9504 9743 5195 6578 834 4924 2452 3138 2535 5595 4878 1786 4177 4872 1859 5983 3219 8317 46 709 688 9213 4117 8154 9016 4635 1498 3188 8759 5905 9004 8446 3407 9520 1874 1381 4009 7158 8167 8118 7832 5850 3990 1465 7774 1908 7523 2909 1745 4709 2309 962 3736 8927 2787 674 801 6303 7525 1685 2663 553 8126 4641 3163 1502 4281 8316 5281 7043 7932 2304 3934 4009 2009 2601 3274 1555 1728 9933 7718 3151 8893 3176 8401 5756 2195 2706 9302 7301 8960 1019 9741 6045 6323 478 2468 7916 2295 519 9071 419 9690 9162 6919 4211 8381 6179 4354 5943 3862 7745 3348 8446 2564 4939 1365 6865 6922 920 6612 1845 
4159 5751 6423 429 8818 5147 118 9801 7470 3276 1728 5101 8082 8107 3262 4308 5838 1453 3259 5663 3581 3257 8272 1986 4065 1835 646 3399 2129 9736 3236 0 5640 4127 3435 3338 7124 7352 7047 1144 6573 5028 9326 780 9666 3564 9898 5753 8336 2090 9219 9856 6595 3445 2878 5553 6871 7744 8843 7078 9835 3391 1856 9310 3183 2854 1718 6042 7339 3066 4659 3723 8554 2790 9526 9278 2365 1787 3008 3087 2882 9133 607 732 5878 536 2581 9589 6144 6989 6581 8874 2080 9600 1190 4227 2991 7950 7093 427 7060 1826 5091 8347 459 8658 2684 4719 574 1515 3424 5820 8809 5010 5789 8669 943 8931 762 5826 5494 1981 9856 2389 3083 434 7800 6280 2245 9073 6594 5417 9660 4247 166 7867 5290 1388 1341 3568 5362 1841 5347 8717 8692 6331 6564 6420 4303 4945 7755 9693 813 5930 3477 5415 555 8187 1906 313 
63 4198 7587 2038 3711 5408 132 856 3889 5585 6334 6824 2303 4295 2159 9270 1042 9022 3789 6327 2411 270 4835 9820 9679 8239 6921 4084 9325 9563 6822 5640 0 3906 4785 1788 2593 1792 7348 3732 5289 6829 3648 7572 9944 6077 3259 11 1698 881 8615 9264 9392 1754 1303 5928 6774 8775 5955 1782 3398 484 6558 758 6324 6720 2557 8773 6191 3393 4557 1674 3776 9640 2007 2983 5624 350 7674 5682 9841 9513 6282 4753 5653 2370 7134 9679 2810 6835 3079 8644 9445 7142 656 8635 9469 5211 8764 8177 3106 7678 5707 1905 6647 9070 6942 8708 39 4094 8394 7657 3378 4502 2661 8425 5922 8510 7974 5438 3698 3228 2234 7464 4314 3082 6990 6852 59 9686 8688 5160 2887 1145 7035 4369 7378 1244 2838 5418 279 1500 135 8263 7700 1546 9989 204 3578 5812 5765 1665 5492 6973 2256 1174 6423 9136 3482 3750 
6062 3961 7972 1321 6294 6082 3337 4396 8330 4639 2493 842 3802 2282 6105 8229 2759 9823 8755 581 917 9921 4002 9421 879 8001 5706 3815 186 2844 1495 4127 3906 0 3561 6231 6517 9413 7739 3573 1188 1044 9600 3071 7984 3309 1088 5045 9020 6860 3351 2124 9405 4549 4654 3195 8855 8853 4401 7867 5888 2241 1845 4422 9454 4705 599 6717 5345 5159 2525 8024 7217 5937 7101 2240 4576 2113 4868 5482 2576 9838 6034 3494 959 447 7842 2861 2000 9523 6792 6491 9778 2660 4309 6333 5639 2123 6954 8794 7175 1151 4762 837 580 5087 3825 7222 8717 1090 1675 1850 9737 618 6606 8697 3603 1417 4486 290 6359 8232 9186 4206 4484 3957 5201 549 4174 5441 3560 5892 2911 674 4627 1637 3141 6563 3872 7267 415 9034 9224 1465 844 9654 1083 6555 5198 5509 8590 4248 9501 1564 8263 3153 4465 7192 3562 1027 
7479 9755 2310 9500 4734 331 8845 738 8446 6504 7232 7299 996 6849 1276 458 4394 8647 3451 908 6968 7133 5318 6971 6743 7790 6154 4701 5905 3842 9120 3435 4785 3561 0 8602 1128 6512 7224 2368 1544 4948 3326 3169 468 1499 2410 3584 4269 2885 9929 7644 4429 634 1673 2510 5307 6813 6778 5398 8137 856 6257 8090 2953 6090 8 3874 2683 7057 7785 4266 6109 1214 2091 5342 8933 1119 3464 6046 4650 5682 1120 3289 9459 1587 4433 1211 7922 8471 3207 4431 8598 3958 7223 7634 1362 7140 8013 6346 638 1601 8349 6229 1248 1568 7398 743 6123 7301 2025 9529 7563 8300 7202 2340 6291 5425 1002 5882 4999 5533 2142 3384 5627 4714 536 9276 2071 8722 3844 3780 2554 1705 5473 4790 8370 6809 1995 6860 8232 4770 469 9665 9926 9075 8616 762 3502 8787 3328 5 2713 2629 5471 5451 3936 429 1463 3103 
9259 2853 6529 9556 1736 8774 5260 4677 1889 6698 4682 698 6486 2392 7461 4904 3153 9625 53 2328 5982 524 376 1872 8941 5510 885 6204 9096 3608 3802 3338 1788 6231 8602 0 4263 503 4586 5345 3025 4087 1494 5387 3416 393 1911 7588 3487 8408 1955 5994 8189 4005 4089 5927 6702 3469 9137 5974 1772 7042 8363 229 264 8562 6055 3109 6653 9806 5603 1616 3676 619 4532 2364 6859 8432 6455 3230 2146 3253 421 1963 8330 6738 624 6612 8530 6422 1941 5086 7413 8711 9270 3723 3387 6729 1139 7192 7487 1610 541 4574 3163 8334 8486 8973 3703 9694 8221 492 6497 4498 589 4924 5862 8584 3509 3002 8660 9756 1028 7544 9406 235 9924 8345 4109 2703 4327 7158 4541 8550 1328 7607 7173 9415 3038 7370 3482 5605 3079 2489 860 7495 7959 6136 5828 8504 6313 6688 3792 734 1473 2458 2051 6865 5339 2910 
2017 7681 5091 9857 9111 3349 1501 3199 2542 3874 3266 2227 9219 3804 8217 6652 8925 5082 303 3270 3124 9331 5871 1765 4611 9929 8883 1247 8122 7814 8709 7124 2593 6517 1128 4263 0 5264 4411 4013 8718 5124 919 8173 5508 8424 1207 3651 8619 263 244 186 8742 1587 7749 8815 762 2801 3121 884 667 7663 1777 4127 7846 4179 6510 3808 2644 1720 9939 9368 1491 6075 6664 9565 4477 6667 6208 1568 2689 2643 349 1975 5176 7060 924 221 7875 886 6708 7353 9340 1036 462 5626 629 9155 9736 6909 9174 376 7528 348 9000 3767 1390 2276 2120 8683 2073 3814 8455 3751 5314 4163 4124 7693 2838 23 451 3721 1199 4132 8519 1709 9522 8384 6637 4872 9764 9497 538 160 5575 7690 8677 4099 8356 1358 7451 8283 1613 3197 3700 1246 7187 5749 4326 5931 9468 6846 5374 4473 6183 7914 5418 4510 6847 600 
9616 4542 1758 5089 2055 2412 4948 832 1069 2620 8272 9774 249 2703 4598 646 5560 9107 8252 4320 3063 1167 6066 8816 275 3367 2480 7340 1665 5687 6904 7352 1792 9413 6512 503 5264 0 604 3756 2471 9712 1177 2034 2632 2910 1857 2507 8481 146 887 6311 2796 8303 5112 7320 674 9011 927 6251 6944 100 3434 5840 8904 3673 8660 1297 5481 6252 6172 2763 6392 8973 1940 8989 7411 8307 3783 3954 336 254 4253 642 8746 3502 8285 8695 3138 9509 5478 5159 1554 9973 9327 53 4263 4665 8271 961 3628 5098 5888 3382 2717 1982 81 6048 8777 6961 3606 2937 151 1578 781 6183 7742 8943 7721 6625 4598 6086 5937 1196 9743 7436 1655 8874 4819 2428 5688 9424 4645 2680 1207 1632 5292 6720 9261 267 5751 2733 4379 3482 1812 2296 5108 4869 3220 559 6825 6894 7726 863 6668 4930 8110 4240 2927 3596 
1716 5041 9564 404 940 3153 3109 1077 2858 2367 3250 5726 9434 5588 9155 7621 9459 4983 6609 9366 5745 4522 1499 7806 7308 905 425 969 9201 1706 9504 7047 7348 7739 7224 4586 4411 604 0 783 6778 3749 9639 7047 319 2488 8063 619 4450 9547 730 7514 265 3065 9148 6861 8866 3278 5670 3775 61 7912 9820 7855 9245 8441 8963 3414 2918 9557 5041 27 5816 6703 1589 4503 5120 8998 7757 7859 9718 7414 8554 3398 4982 532 3024 4494 6029 2741 4585 3153 4944 2201 249 2971 9918 8433 7929 2565 6786 1867 3566 8076 5922 201 2290 5842 9966 8910 328 8825 349 5739 6889 2896 3086 1554 7731 1567 6806 2353 4646 261 8482 9818 7560 3718 4847 226 8490 2634 9937 4083 9057 8113 1758 1305 5788 5046 3523 9301 9919 7990 7451 3810 912 5655 1566 4812 5422 2590 2499 2377 5915 9159 9733 9794 5663 3395 
617 3954 9327 7914 7694 8925 9488 9985 4289 2144 7934 2527 4012 547 5939 3745 4426 5821 9455 6623 5819 637 7765 2839 9240 1073 2128 1287 7201 9620 9743 1144 3732 3573 2368 5345 4013 3756 783 0 9281 3810 9341 845 7249 4341 931 977 6266 8478 3163 1255 239 6159 5206 2481 5412 7319 7836 1477 8188 2891 7780 9730 2692 4480 5485 9065 3533 67 2999 7958 1749 5580 1209 4581 4380 4678 8138 5161 672 1593 2522 8764 342 4372 9397 2081 1901 8363 6901 323 1500 2285 6019 2810 5250 1739 7480 4353 502 7483 2540 6019 4060 8337 6852 1379 7769 1041 9158 6819 4481 1928 9006 7026 9840 7741 228 9233 7870 5448 9382 2309 833 3394 885 9309 6319 8634 3058 4552 7040 7792 1791 8847 1307 1289 1059 8933 4637 3283 2002 9755 5480 2167 4786 648 525 8967 9969 9030 7551 3483 8581 7707 6298 521 2655 4362 
8890 377 6274 8377 3144 5236 6495 1823 9986 3554 3196 4075 5164 3276 6134 4228 8317 3414 1478 724 742 2592 1141 8006 1278 425 3937 8057 7461 3665 5195 6573 5289 1188 1544 3025 8718 2471 6778 9281 0 327 1053 405 4350 5328 5651 2785 366 1862 51 649 5094 2984 5163 4213 5436 9737 6401 9067 9395 9970 9662 5421 9227 8457 3788 9836 6945 8787 1881 1138 762 9982 6289 4740 3589 3330 4623 2090 7156 7380 6641 4473 7868 1595 4344 2865 2979 1601 127 8081 8187 1526 341 7915 233 1383 4084 514 608 9973 9589 5674 8956 6275 3042 8312 7266 4787 7178 803 8455 2795 9488 3415 5418 33 2398 4564 9162 3703 248 5094 7102 4329 428 3315 5111 404 8502 11 9437 2312 9670 5132 7048 8477 1420 403 5539 9227 4692 4551 6156 6325 3423 388 6063 8644 4802 5445 8417 6955 5072 403 1372 3294 8251 2015 
449 3064 6455 8966 1447 2155 5834 4434 4216 2201 5487 3766 9694 5515 2347 6530 4004 1302 5575 1307 6612 5277 3473 4310 8479 2862 8946 1793 5909 5586 6578 5028 6829 1044 4948 4087 5124 9712 3749 3810 327 0 9585 2879 7577 9758 4329 9039 2055 7915 799 4140 2933 7324 3717 1955 7445 3496 4809 9467 9686 337 8278 8554 940 1177 2832 550 4317 1335 1387 9119 1045 8941 2031 9445 8251 3216 6338 4172 581 1957 3627 9098 501 2420 2268 4059 4628 2328 1620 6999 5922 239 696 1672 4101 6958 2152 1962 9102 2250 2693 8282 4952 3548 3484 4022 3874 5876 6673 2509 2990 4722 6603 7465 8449 6064 6816 2408 4333 270 6450 6983 6182 9100 2103 686 1482 7518 3779 6947 1958 4539 5991 3042 5019 9826 7634 3811 4199 5262 6701 9631 931 3207 8457 1639 2508 5664 8141 9652 3563 1076 1818 760 925 7961 1444 9068 
8472 8336 963 4416 4011 6605 269 1847 1720 856 3197 5629 6018 6847 1411 2866 889 7537 3524 2061 7345 5741 1029 2991 7753 1573 3853 2389 5488 2752 834 9326 3648 9600 3326 1494 919 1177 9639 9341 1053 9585 0 4185 7120 2769 9542 6817 6622 7140 1440 5200 6293 826 9294 5387 927 7944 1897 9960 3937 5574 2297 9815 5656 2180 4222 8223 3030 2898 2953 7014 9891 7820 1068 7218 9556 1837 2064 9020 3952 7154 7299 8355 6000 2065 4234 6 4459 2079 6452 9539 2971 1997 8397 8914 7509 24 332 3127 8948 7522 1465 7719 9991 487 1720 9497 8149 1352 5114 5315 9015 2203 220 6251 6529 3008 5677 7029 9473 943 1218 3035 5900 9424 7179 9755 9722 7923 7974 1995 6178 6176 7483 2717 5393 8857 6838 3842 5755 9340 7572 3854 1324 3615 5589 9560 9992 7971 3949 1836 1618 6525 4900 7723 7843 7207 4165 3695 
8461 1136 5954 2274 3549 5833 4712 9325 1761 907 7271 2774 7592 2379 8216 8148 6548 965 915 4732 5868 8217 3984 8740 3925 943 291 9873 635 4364 4924 780 7572 3071 3169 5387 8173 2034 7047 845 405 2879 4185 0 7827 7282 2924 7452 6599 2003 5472 8091 5263 2500 3018 6980 4761 1484 6599 4197 7427 7874 4572 7860 3035 3925 2655 6212 8573 973 6983 4783 3454 2359 3157 3495 4386 4662 6739 1030 6621 804 3181 6330 794 1141 7636 9546 7084 1123 7639 7309 902 6617 4116 9638 6833 499 8686 8350 49 6590 7737 9302 6914 9545 6239 3324 8992 1780 6756 3168 7184 1034 1638 6328 5213 4663 8849 6079 4174 9250 4417 5562 2358 6641 6949 2285 7092 9975 2209 2847 7788 5837 8208 272 1940 1090 3776 8758 8270 5510 6094 3210 3761 3805 5154 3389 3778 3101 5598 5024 7010 4518 8937 2735 9435 9898 1580 2097 
4041 6296 7917 7493 4676 7853 8594 4506 804 5904 9004 3994 5658 7939 9656 2381 8460 3409 110 3704 5040 8693 5486 4385 3701 5300 7549 6888 8001 3705 2452 9666 9944 7984 468 3416 5508 2632 319 7249 4350 7577 7120 7827 0 4050 7295 6678 710 5564 1329 228 594 1776 6971 4414 6778 5876 7883 3653 9407 6355 2885 1320 9218 3778 6652 7603 8735 6103 3234 1487 4011 6804 3495 2300 4280 2478 54 8823 9347 9180 5838 6406 7071 9200 4825 5080 5770 2497 6084 4115 8915 9503 4699 1009 1931 4531 5664 5366 3469 1498 9361 635 5981 6170 9698 9181 2942 1674 8506 8658 2578 6472 2293 136 416 6521 9943 984 5529 5852 2457 7942 7798 2269 8328 8376 6048 7391 645 169 9392 2767 4520 3229 6641 6265 5927 8077 1101 5472 5559 9477 625 7307 3778 5590 5247 5577 5273 5615 7255 691 4499 1378 1026 8252 5509 855 
3946 5093 8917 191 9179 4792 509 510 3821 1339 5755 1939 1567 5363 6340 4323 5763 4728 9920 4616 7473 631 3557 5506 9138 9270 9416 7789 2180 1077 3138 3564 6077 3309 1499 393 8424 2910 2488 4341 5328 9758 2769 7282 4050 0 2494 5739 2258 4076 575 9015 7986 4402 5396 2855 4759 623 679 2234 6778 7857 117 3584 3535 7725 89 7740 1420 745 3553 8795 4866 6449 2474 5579 634 9163 8604 4990 1321 9934 4995 8880 6691 7564 3054 8737 3927 4232 2505 4854 385 3655 4091 9232 4961 2275 7370 3912 6644 6425 8437 8975 1369 960 4923 6911 755 7298 8115 2587 8810 1368 4535 529 5225 4409 1831 3739 6320 2104 6313 759 7258 10 1988 211 1609 5758 3429 4525 6861 991 7325 7075 6976 8499 64 9439 5576 2539 1174 8008 5857 2788 4985 1662 5832 4912 5348 4720 9984 3216 746 1904 930 3340 9658 4513 
5024 2489 3056 4039 6928 3413 5982 9141 8488 7064 8743 5134 4569 3809 1739 8555 1849 2233 3787 1835 3962 6048 3745 34 1473 5802 393 3235 8450 5184 2535 9898 3259 1088 2410 1911 1207 1857 8063 931 5651 4329 9542 2924 7295 2494 0 7188 5473 8508 9546 5645 1056 7042 5971 9811 8436 8489 4886 7459 5446 4331 2761 3749 9381 6042 9507 8413 7327 8635 5569 8121 2327 3351 4777 7592 3347 9355 2163 5566 9500 6755 8469 4226 1517 5819 5568 3153 5920 9700 9504 1423 9861 544 383 3930 7119 1308 827 526 8191 8124 7210 9090 9979 582 399 6090 3013 9739 5213 764 6699 6228 322 1488 5552 3293 2803 5439 1882 2103 4080 5143 2907 9178 6446 8001 2752 8290 1914 7385 2323 1657 7594 6404 2493 7799 4320 7927 8601 5878 7750 6960 6713 8887 3662 3973 4619 509 1645 261 3036 3012 3928 8949 4987 6003 8550 7718 
8466 1276 8075 4183 8912 7228 2138 8494 5136 2452 6391 2153 7169 1153 4013 8183 6902 3793 7944 5766 7816 3890 1515 2072 3286 3140 4645 6779 2180 3939 5595 5753 11 5045 3584 7588 3651 2507 619 977 2785 9039 6817 7452 6678 5739 7188 0 3815 8405 8593 1859 2823 8481 1707 8734 1973 9267 6621 7261 9657 9245 5892 8489 9966 600 6581 5879 8458 9916 3094 6368 1876 8646 8897 5828 9787 3195 6327 4995 8622 6972 6219 4474 1070 9248 1562 9907 6303 8161 1915 908 9006 7720 7785 9843 7662 1141 6697 9061 5091 5371 5180 7665 6676 4132 3365 1424 4273 9337 1443 1900 6267 3220 9677 3412 6726 6018 6207 8906 9149 6559 9347 8340 2754 5589 3609 5668 1788 4191 1165 3028 820 2135 2967 3214 1492 3500 6243 4036 8694 9418 7591 659 6628 281 3387 4513 7735 2256 1720 9871 9958 5445 2593 1684 292 3543 5575 768 
9817 502 410 7605 2786 7846 5911 4443 4409 5752 3471 3488 2102 8326 1080 321 1565 1850 9025 9710 5565 9923 5366 5642 7421 2088 1072 6549 2905 1301 4878 8336 1698 9020 4269 3487 8619 8481 4450 6266 366 2055 6622 6599 710 2258 5473 3815 0 5111 7337 6666 4949 228 6878 8546 7232 6163 9689 970 4620 6578 4833 499 3653 362 5197 1296 1271 322 2835 1210 2098 3959 4711 9858 5723 4288 8682 7926 103 1179 2071 9416 9645 6181 7675 1044 9092 6308 4545 5521 6788 4736 3384 7923 3420 8908 8912 6885 4838 8991 4032 4817 37 2160 3156 3881 7899 693 4509 6934 8788 4322 3792 5160 9596 9825 4006 6616 3326 3326 8816 2397 6808 3259 9278 9653 2654 4488 6278 3166 4020 6529 3532 9714 3298 1352 8481 1932 8307 8739 937 903 2096 9651 1806 9175 4938 588 6760 8449 9618 4399 2161 8635 3605 5520 3130 7508 
9188 6789 8939 1536 3263 1039 7476 3512 763 9205 1945 8961 8808 3436 3994 1795 5895 6272 9275 8994 6384 2016 6322 4822 7895 4906 3146 487 125 899 1786 2090 881 6860 2885 8408 263 146 9547 8478 1862 7915 7140 2003 5564 4076 8508 8405 5111 0 4206 103 6056 2681 5282 4005 425 101 6645 4109 7299 5811 9701 941 4281 170 5456 3060 9325 6271 3462 6177 8229 6762 2812 2489 3143 5800 8760 8173 1960 5341 1081 9536 909 7504 2743 768 5209 7215 9998 8782 5125 1850 7489 3092 7265 7101 4451 1220 3467 786 616 2584 2114 8805 2906 6341 9231 9990 6510 1153 9194 9033 6444 7350 7408 9241 8179 4449 9785 9320 8434 9506 6381 911 9736 4268 9020 6095 4824 1587 5255 6591 9505 4079 3522 8859 5055 480 6801 1834 3748 7677 4665 6498 3613 8892 6030 9027 1023 959 7464 1713 2187 6198 4397 8389 7164 6827 
1087 88 1522 4471 333 2042 9944 5149 4093 9526 6581 761 6965 2590 4449 9678 5146 5835 4107 6196 1812 3575 5670 2112 3922 5899 6274 2403 2950 9654 4177 9219 8615 3351 9929 1955 244 887 730 3163 51 799 1440 5472 1329 575 9546 8593 7337 4206 0 5080 3580 2470 2398 9621 7088 889 3215 8964 8236 9571 5211 1135 6491 23 4243 4613 7682 6063 288 1160 7531 8363 4492 2961 6721 6646 4554 1408 4210 3151 6407 7388 8018 3444 2669 5400 5211 3184 826 6359 5279 1922 6623 6420 3652 7542 630 1681 4560 7426 8447 1087 4952 4944 7522 2398 3705 2356 6052 8555 2830 3730 1928 4293 9901 3956 2200 5336 3424 2464 6026 5032 5363 2730 6585 5752 7540 1166 9898 4923 1140 1490 1056 8007 1020 3168 804 3303 9054 5020 7952 5885 3238 7592 5591 548 1752 371 1569 6078 3724 2458 6213 5714 894 7776 2746 1132 
