140 45
0 659 121 55 460 568 758 347 702 868 623 158 516 315 638 568 365 271 572 951 588 529 606 41 664 303 705 920 115 471 305 687 754 463 140 762 164 363 244 80 604 124 425 653 752 976 760 235 966 405 908 72 973 294 287 973 169 110 413 189 945 221 943 833 715 721 230 819 564 364 422 563 691 464 417 932 70 878 206 158 995 427 416 731 435 364 87 471 373 749 984 292 547 841 998 380 266 866 425 764 223 772 164 525 477 824 151 129 25 159 555 600 640 650 544 537 890 695 664 208 513 787 133 185 575 979 587 286 72 594 85 775 910 801 418 84 426 906 8 523 
659 0 872 478 963 712 542 655 66 739 458 260 758 246 782 560 406 964 387 801 403 398 250 869 900 671 597 681 210 748 957 176 196 528 570 4 162 541 796 288 84 226 462 48 182 41 325 166 174 867 44 985 720 457 371 918 885 913 456 659 647 416 442 865 751 704 783 426 466 19 947 659 30 529 428 62 832 437 239 470 638 271 309 727 389 91 459 237 388 601 866 995 910 379 204 973 538 747 875 947 763 971 997 145 663 818 84 322 680 669 575 103 827 694 652 737 838 823 991 583 79 475 407 968 261 317 523 263 250 497 916 284 523 115 400 389 70 905 362 862 
121 872 0 775 362 339 462 598 797 240 243 76 61 897 983 962 919 862 869 39 301 627 263 407 933 677 674 791 55 61 299 666 242 398 733 246 533 487 709 636 378 948 985 687 108 559 727 365 953 219 8 661 793 703 269 359 175 633 864 192 289 340 49 196 921 529 2 300 590 930 770 453 377 353 222 835 157 815 373 945 241 667 709 623 646 885 340 283 483 963 122 928 204 51 77 731 675 297 750 220 330 531 340 391 876 734 726 261 290 954 741 690 87 598 310 499 102 266 304 183 260 547 227 780 79 459 89 670 879 447 75 370 942 108 877 619 97 74 788 285 
55 478 775 0 481 718 921 912 434 610 169 939 794 887 752 894 46 970 478 107 83 284 56 741 548 927 90 190 3 430 606 134 401 58 211 805 593 303 265 253 868 501 654 675 749 746 41 77 525 519 685 846 274 697 213 1 335 886 925 200 485 220 517 763 291 76 316 297 382 357 392 684 615 273 154 514 379 793 293 222 519 185 178 511 603 325 62 834 538 679 722 996 747 154 365 159 411 220 938 814 493 984 187 503 539 132 71 342 492 929 399 645 992 662 799 195 911 245 372 952 92 863 643 253 540 862 672 803 545 286 430 990 462 737 801 336 148 487 821 123 
460 963 362 481 0 282 11 11 494 49 347 908 571 929 989 175 395 574 198 863 725 6 926 725 6 617 771 657 34 715 624 649 137 589 950 840 900 337 847 549 742 934 339 380 887 279 542 769 532 203 647 573 244 676 882 576 906 693 877 3 736 570 109 412 190 651 334 575 794 635 200 199 191 33 442 606 971 473 342 719 59 836 377 981 718 474 218 45 468 978 509 366 460 235 103 38 105 761 658 491 2 542 785 913 471 873 162 491 229 915 280 856 2 972 757 308 135 713 375 713 488 820 275 160 153 809 976 740 820 989 143 70 801 819 270 406 42 120 707 457 
568 712 339 718 282 0 644 898 700 274 713 751 360 793 562 96 750 932 587 705 485 314 337 279 548 995 603 45 214 806 547 614 277 160 189 582 992 442 778 607 399 334 873 952 962 690 142 718 689 816 216 262 154 274 113 527 93 549 49 279 497 212 673 467 381 425 26 206 631 899 772 117 627 664 491 998 540 267 97 66 495 247 654 258 999 1 160 323 337 410 81 683 824 814 689 308 108 213 498 82 943 796 342 394 88 157 905 949 279 811 728 13 420 869 8 602 440 970 735 327 461 854 950 888 226 156 185 460 940 304 374 439 950 617 787 295 939 969 781 507 
758 542 462 921 11 644 0 562 622 412 828 674 96 212 346 600 175 673 91 98 422 236 166 943 796 827 633 311 242 253 647 376 363 979 565 789 526 111 14 977 16 606 166 415 104 30 677 306 122 389 57 333 921 846 430 412 308 363 930 608 338 563 217 651 549 372 842 702 515 217 455 317 325 845 76 759 838 52 929 88 836 873 559 708 421 17 235 277 282 614 844 171 668 560 799 904 206 996 656 193 893 749 453 576 896 741 997 771 6 699 571 179 854 696 820 213 262 311 773 385 323 484 259 294 74 325 186 972 881 461 423 231 879 685 272 951 93 985 756 472 
347 655 598 912 11 898 562 0 82 218 217 513 232 4 954 296 47 622 881 784 52 951 449 222 162 772 310 390 635 952 455 238 960 331 818 843 295 346 574 834 307 683 619 731 539 525 965 854 644 168 33 726 105 74 79 156 306 639 245 400 48 234 952 91 889 322 637 856 895 671 61 784 686 1000 671 175 862 562 750 239 189 499 345 668 136 989 205 248 644 494 204 945 213 652 2 117 681 618 914 797 304 886 218 201 991 899 407 890 802 997 94 257 81 491 575 267 812 910 272 604 81 733 541 672 739 126 589 98 620 512 477 676 948 993 436 917 758 940 1000 623 
702 66 797 434 494 700 622 82 0 476 291 673 166 986 347 120 386 815 130 117 283 286 580 751 931 751 156 585 269 256 621 794 707 267 74 497 718 291 513 768 828 517 482 56 677 837 601 17 88 846 18 969 298 695 88 471 776 889 818 750 317 402 892 972 305 720 288 575 343 658 832 165 658 73 187 699 955 829 114 945 643 619 24 444 612 509 135 476 962 309 770 740 384 138 599 761 91 777 874 232 483 691 942 788 971 808 600 952 616 427 74 224 521 865 675 552 145 694 432 683 949 685 244 97 64 810 347 551 886 928 146 422 784 992 715 374 329 901 494 54 
868 739 240 610 49 274 412 218 476 0 732 357 998 812 397 329 574 692 768 983 514 149 900 201 53 256 404 29 65 370 717 677 500 490 842 925 853 802 995 48 221 133 827 615 731 312 147 773 406 654 306 874 746 74 679 563 586 543 904 672 13 891 813 542 406 172 210 620 884 89 936 460 709 212 877 460 447 963 853 974 931 618 537 629 321 794 856 987 811 172 518 882 778 424 605 58 415 592 392 975 164 395 823 863 465 200 313 417 646 648 797 725 988 156 190 279 259 791 702 210 276 251 653 65 275 922 729 777 156 269 844 651 879 19 28 498 575 900 18 278 
623 458 243 169 347 713 828 217 291 732 0 159 889 466 834 495 229 951 619 410 684 193 480 104 776 168 897 749 978 23 265 335 107 978 75 42 402 630 125 702 3 327 97 143 848 551 127 448 189 456 208 451 233 6 562 997 635 375 317 771 823 528 103 736 407 158 441 493 124 406 15 89 93 31 199 83 330 944 441 919 780 295 372 886 340 523 739 237 605 42 529 240 334 489 889 222 855 699 708 902 907 841 959 553 642 372 170 794 778 741 634 61 136 12 204 50 47 828 807 682 356 387 4 384 23 353 237 734 531 872 601 767 614 120 260 494 16 46 864 418 
158 260 76 939 908 751 674 513 673 357 159 0 278 242 574 104 781 103 561 104 535 709 78 770 448 83 478 760 46 772 774 290 904 901 609 413 247 132 739 888 469 201 400 423 555 948 151 355 629 19 65 37 129 656 380 514 329 254 953 252 199 599 146 989 835 960 987 994 949 469 732 287 146 439 163 610 974 566 264 200 986 161 105 667 292 863 57 508 342 480 697 71 918 890 12 4 574 180 759 492 5 426 89 826 83 816 802 104 544 3 833 105 549 885 836 641 628 227 968 924 717 792 242 759 281 908 48 589 763 642 710 716 839 2 179 213 208 840 234 359 
516 758 61 794 571 360 96 232 166 998 889 278 0 910 372 791 611 404 500 177 431 883 347 488 511 576 674 388 184 4 113 946 77 434 382 393 304 17 899 883 738 336 471 641 158 362 987 87 338 28 269 813 341 942 528 508 596 932 64 198 542 447 174 412 875 10 390 126 724 244 521 601 266 177 125 468 613 827 366 685 986 290 407 196 500 830 774 433 86 688 355 3 358 608 958 169 473 304 606 994 268 367 976 245 243 328 669 430 161 874 231 566 331 448 82 542 867 716 796 185 463 638 388 398 486 126 540 955 435 520 926 845 60 374 74 246 692 279 424 505 
315 246 897 887 929 793 212 4 986 812 466 242 910 0 569 715 505 727 227 152 415 833 228 907 6 203 789 467 463 244 105 282 195 524 405 252 197 295 51 391 330 549 213 410 162 936 934 198 316 177 609 441 481 818 198 850 519 438 706 748 329 669 726 997 401 644 107 487 221 725 18 688 962 615 986 990 112 233 677 816 994 946 486 746 308 10 220 134 154 359 430 949 190 64 186 832 841 102 339 600 753 280 568 674 888 419 767 181 954 172 551 700 73 75 949 889 876 688 564 490 434 951 759 425 702 88 650 989 399 698 980 356 498 874 137 898 733 455 892 35 
638 782 983 752 989 562 346 954 347 397 834 574 372 569 0 820 793 634 622 290 623 164 80 120 898 330 786 583 713 65 423 975 664 611 310 165 249 987 914 119 183 988 50 824 729 275 494 297 404 335 995 584 664 377 923 927 448 445 33 529 662 303 81 572 982 892 280 429 585 394 821 228 650 212 962 189 766 407 390 424 575 389 873 98 288 912 410 136 916 664 383 903 328 3 428 509 497 642 21 686 554 314 16 392 485 727 605 562 603 357 447 694 145 860 950 179 601 171 926 542 644 569 128 40 757 273 381 255 929 338 298 634 21 937 827 132 663 283 91 378 
568 560 962 894 175 96 600 296 120 329 495 104 791 715 820 0 797 775 280 53 217 140 560 375 722 632 243 890 737 574 700 977 513 800 751 732 265 788 518 173 863 532 974 920 922 453 673 778 416 884 393 899 160 949 680 439 790 855 528 881 70 917 672 455 673 849 237 316 756 124 724 407 975 448 567 182 770 642 744 602 46 491 181 84 610 335 926 326 955 475 336 166 281 666 758 917 831 264 430 835 920 810 604 643 267 108 107 298 477 82 839 396 790 976 931 914 465 675 553 195 387 207 613 352 774 718 812 511 96 466 812 571 540 636 485 392 665 16 486 600 
365 406 919 46 395 750 175 47 386 574 229 781 611 505 793 797 0 80 832 633 408 264 300 819 146 893 673 461 408 267 843 696 998 719 795 830 87 93 454 754 258 664 720 334 366 110 753 986 374 382 781 939 591 601 2 912 992 324 361 185 529 796 253 312 616 52 451 946 196 963 805 519 85 608 509 760 483 558 979 279 858 951 644 716 598 449 198 169 116 456 101 906 327 189 386 579 670 472 65 437 97 361 676 260 692 950 778 11 860 983 432 429 244 121 967 58 788 972 583 437 635 251 581 441 772 674 269 6 580 448 846 721 747 460 800 22 173 536 630 977 
271 964 862 970 574 932 673 622 815 692 951 103 404 727 634 775 80 0 822 372 927 889 677 991 121 203 221 849 430 456 122 938 818 252 38 500 6 493 717 211 830 354 810 946 488 738 76 479 495 189 894 730 359 505 255 427 308 529 661 277 589 856 598 11 157 438 504 926 781 328 405 759 882 34 651 24 632 233 402 153 133 816 805 75 699 512 29 60 555 555 576 965 490 157 542 229 272 741 748 230 855 193 922 856 694 601 339 410 698 223 603 203 631 671 486 444 998 535 3 285 719 939 136 140 140 770 883 619 164 543 556 706 567 159 500 31 789 34 646 341 
572 387 869 478 198 587 91 881 130 768 619 561 500 227 622 280 832 822 0 734 316 586 536 405 206 73 885 383 591 136 265 487 482 215 544 124 997 4 470 162 865 914 662 334 688 321 579 513 452 46 565 364 6 711 326 198 512 904 467 62 86 336 927 370 122 388 435 606 29 743 339 923 370 10 421 652 632 523 560 46 117 718 348 790 683 791 11 81 324 521 270 319 820 469 965 709 943 935 587 328 951 387 48 435 363 240 323 94 234 196 801 391 429 543 471 793 624 91 298 455 15 668 392 516 980 350 837 675 164 840 287 608 735 680 686 10 787 197 725 313 
951 801 39 107 863 705 98 784 117 983 410 104 177 152 290 53 633 372 734 0 127 384 892 383 931 106 231 731 998 332 156 48 600 293 946 94 145 749 768 264 148 788 341 345 245 817 605 290 228 683 996 37 337 83 191 682 305 693 440 542 865 685 822 914 734 546 62 573 284 391 748 302 398 169 69 15 237 448 425 245 910 698 523 75 278 242 822 779 373 296 427 741 174 775 798 440 712 781 883 549 759 950 533 443 558 74 307 672 355 674 30 175 700 449 709 314 755 765 673 991 101 608 35 420 766 681 851 336 472 556 569 697 319 56 644 169 411 298 406 947 
588 403 301 83 725 485 422 52 283 514 684 535 431 415 623 217 408 927 316 127 0 136 49 570 704 105 344 971 717 965 506 397 464 592 25 622 251 374 935 14 644 590 630 297 771 107 292 368 789 882 340 233 53 6 584 462 788 271 994 744 326 494 276 415 172 91 649 65 484 617 521 586 731 283 967 258 602 653 193 757 442 36 403 170 776 283 738 386 710 987 215 475 263 321 836 912 917 984 282 754 945 10 877 131 295 411 733 657 100 882 247 631 94 80 389 117 483 174 426 291 78 682 25 630 725 812 901 839 330 796 430 594 41 956 895 479 360 471 297 719 
529 398 627 284 6 314 236 951 286 149 193 709 883 833 164 140 264 889 586 384 136 0 252 107 897 572 538 360 908 488 119 778 15 388 834 424 643 689 990 727 140 913 869 196 303 8 755 747 918 726 279 604 233 680 125 31 537 931 398 363 269 210 208 85 327 156 243 924 496 148 412 214 175 616 819 990 813 932 649 569 744 233 734 590 315 796 861 749 515 822 125 717 488 731 849 973 635 340 901 532 210 519 424 815 578 197 297 127 576 821 864 497 622 627 732 849 524 335 684 746 133 126 996 190 280 10 723 213 666 948 731 239 615 328 538 459 880 667 244 695 
606 250 263 56 926 337 166 449 580 900 480 78 347 228 80 560 300 677 536 892 49 252 0 910 642 116 496 257 800 613 443 40 582 892 898 644 490 118 691 68 525 85 466 600 257 985 677 745 119 343 467 560 808 432 924 837 879 704 423 805 910 40 73 250 838 866 472 257 325 427 271 973 267 772 285 71 806 241 117 837 451 506 552 52 163 459 183 83 533 500 25 876 382 8 84 741 420 60 124 131 809 686 119 822 743 197 110 164 403 407 474 331 896 772 816 743 44 753 984 75 119 958 939 532 904 838 457 304 658 10 903 381 885 485 566 146 978 351 276 419 
41 869 407 741 725 279 943 222 751 201 104 770 488 907 120 375 819 991 405 383 570 107 910 0 120 720 301 869 46 965 751 974 525 569 977 945 669 108 693 290 431 180 816 934 901 329 247 72 263 245 84 177 510 805 5 829 294 742 791 297 505 987 242 37 449 990 954 527 728 558 707 119 184 12 427 830 512 706 984 226 417 212 286 850 394 706 412 839 529 366 780 666 894 818 562 180 423 928 849 358 360 497 289 441 649 640 194 391 870 911 335 815 586 462 923 805 200 780 501 348 693 813 743 226 850 516 377 602 820 123 733 679 142 688 640 131 578 698 664 221 
664 900 933 548 6 548 796 162 931 53 776 448 511 6 898 722 146 121 206 931 704 897 642 120 0 369 791 910 764 777 898 889 385 13 330 168 708 922 629 796 434 25 216 742 456 779 141 821 434 168 475 851 519 988 148 22 127 419 272 709 955 760 254 219 633 435 241 199 723 616 692 697 948 88 134 104 847 203 380 467 269 48 780 902 384 163 281 95 121 445 356 124 218 74 88 86 299 584 970 270 654 441 206 841 630 720 560 299 835 763 62 167 536 905 101 666 963 652 716 352 414 890 124 936 339 20 788 807 835 92 558 949 209 328 704 268 545 622 867 554 
303 671 677 927 617 995 827 772 751 256 168 83 576 203 330 632 893 203 73 106 105 572 116 720 369 0 431 893 241 555 285 381 516 906 943 267 398 900 423 210 738 320 57 667 571 838 394 107 621 694 555 473 46 656 960 509 502 488 600 796 796 408 275 632 681 274 465 90 603 488 768 877 433 838 64 848 482 774 835 293 352 852 308 341 421 324 347 110 993 110 262 437 436 643 964 330 829 314 123 467 934 507 271 380 526 444 5 163 391 353 719 830 526 664 539 660 346 232 379 171 943 817 288 549 697 317 515 661 772 462 965 7 321 985 959 222 411 482 477 978 
705 597 674 90 771 603 633 310 156 404 897 478 674 789 786 243 673 221 885 231 344 538 496 301 791 431 0 1 453 309 412 493 259 773 423 666 980 935 455 37 402 501 630 944 628 793 329 902 41 490 589 24 594 59 923 560 689 33 423 840 92 573 252 183 658 985 890 555 809 94 738 35 43 680 944 369 916 367 553 184 267 653 354 630 646 4 17 523 189 175 393 264 430 182 74 101 771 606 586 514 602 141 814 776 313 556 519 994 660 509 66 167 248 860 711 55 92 430 57 928 500 362 552 459 766 508 122 335 399 519 303 372 880 561 490 178 172 813 150 668 
920 681 791 190 657 45 311 390 585 29 749 760 388 467 583 890 461 849 383 731 971 360 257 869 910 893 1 0 479 194 119 973 979 970 333 542 524 174 607 482 527 4 327 437 540 627 153 546 237 61 97 287 807 45 591 236 974 87 398 67 134 100 477 306 349 297 159 662 177 277 250 969 570 464 912 40 333 321 440 978 865 21 289 744 186 486 956 24 462 969 589 698 527 608 422 447 136 606 396 316 924 985 583 252 317 60 264 937 867 71 773 449 758 641 468 558 461 979 441 694 768 3 815 892 699 802 749 254 8 117 512 731 280 745 219 272 846 61 108 625 
115 210 55 3 34 214 242 635 269 65 978 46 184 463 713 737 408 430 591 998 717 908 800 46 764 241 453 479 0 3 63 455 357 280 617 488 870 717 824 918 475 418 684 932 812 832 471 772 164 525 502 245 464 399 207 788 48 627 691 936 431 746 187 307 678 685 98 466 151 680 523 271 676 326 462 565 448 251 104 319 191 136 886 597 398 78 226 933 676 520 125 1 507 238 35 664 967 120 686 788 198 715 782 405 682 798 740 100 617 418 896 732 930 184 848 834 747 753 859 315 332 776 493 326 836 763 901 379 355 619 436 104 138 830 510 235 958 531 875 693 
471 748 61 430 715 806 253 952 256 370 23 772 4 244 65 574 267 456 136 332 965 488 613 965 777 555 309 194 3 0 964 939 743 872 552 898 419 489 49 501 365 610 270 37 877 698 227 746 785 819 553 110 856 331 426 672 817 697 46 609 174 263 965 557 245 113 805 401 84 362 174 40 208 507 820 335 312 669 319 753 387 865 850 410 907 648 844 528 19 739 567 513 900 496 921 159 706 345 17 706 781 517 319 727 54 716 392 92 789 558 578 488 114 916 111 227 4 504 502 328 633 326 219 108 268 843 962 771 131 975 95 716 901 284 7 562 773 957 474 122 
305 957 299 606 624 547 647 455 621 717 265 774 113 105 423 700 843 122 265 156 506 119 443 751 898 285 412 119 63 964 0 247 448 297 799 71 887 782 159 14 612 841 640 381 437 779 655 446 520 47 560 229 925 521 224 288 258 93 185 438 969 632 628 582 189 601 674 71 207 885 696 259 949 626 674 188 70 101 801 556 510 962 833 415 632 358 915 240 301 757 875 324 507 509 206 642 396 438 239 626 820 22 216 511 760 952 281 179 236 120 588 673 560 322 38 802 49 245 364 506 539 508 553 910 339 828 841 229 450 588 763 956 189 371 991 998 555 244 952 686 
687 176 666 134 649 614 376 238 794 677 335 290 946 282 975 977 696 938 487 48 397 778 40 974 889 381 493 973 455 939 247 0 961 845 446 824 185 570 765 210 644 401 37 290 365 184 781 878 250 389 908 95 497 657 655 979 288 689 182 400 108 252 819 243 290 367 195 990 663 976 742 160 402 623 290 249 437 950 761 113 41 69 174 950 448 81 466 319 611 313 840 850 461 55 653 585 279 852 48 105 39 640 839 878 823 283 370 493 678 300 335 704 529 826 796 453 983 123 884 303 165 155 908 934 919 62 869 653 4 546 608 56 124 488 68 291 922 336 414 584 
754 196 242 401 137 277 363 960 707 500 107 904 77 195 664 513 998 818 482 600 464 15 582 525 385 516 259 979 357 743 448 961 0 279 54 986 941 545 694 322 218 544 873 742 960 473 707 218 692 56 8 519 590 554 773 866 683 494 277 579 31 230 311 452 538 693 364 839 320 937 786 690 812 339 251 10 23 574 39 493 616 709 957 297 742 35 934 207 780 490 588 664 433 794 318 401 825 642 706 658 538 567 293 229 755 343 5 802 928 23 798 349 653 982 301 540 657 567 509 405 93 219 834 756 533 177 42 71 366 112 887 849 496 316 482 659 519 297 710 369 
463 528 398 58 589 160 979 331 267 490 978 901 434 524 611 800 719 252 215 293 592 388 892 569 13 906 773 970 280 872 297 845 279 0 814 891 211 290 200 243 759 221 89 286 56 625 321 555 255 428 72 456 751 162 538 354 42 456 297 76 703 89 531 706 769 105 524 762 81 710 109 127 381 957 993 346 212 423 118 136 917 393 494 226 285 265 168 886 631 167 249 759 379 22 171 842 415 544 602 738 791 897 687 534 542 5 527 915 690 744 89 367 718 506 947 594 67 861 539 491 447 308 862 290 13 348 770 741 708 361 297 436 302 27 690 631 948 262 53 174 
140 570 733 211 950 189 565 818 74 842 75 609 382 405 310 751 795 38 544 946 25 834 898 977 330 943 423 333 617 552 799 446 54 814 0 283 926 793 416 381 763 279 187 96 322 384 218 606 847 849 609 188 349 613 206 535 372 560 990 150 167 330 848 629 267 136 324 861 696 743 220 458 297 43 145 950 911 892 381 557 392 126 675 563 698 941 805 613 531 47 47 454 274 273 883 949 197 544 580 374 172 403 480 329 387 497 123 784 781 704 560 73 193 813 459 876 459 944 873 485 937 114 771 908 199 634 699 594 872 247 171 847 862 191 662 203 448 600 294 332 
762 4 246 805 840 582 789 843 497 925 42 413 393 252 165 732 830 500 124 94 622 424 644 945 168 267 666 542 488 898 71 824 986 891 283 0 975 914 601 258 138 233 950 942 85 768 508 526 825 824 842 784 678 985 524 582 751 421 344 385 667 480 998 116 39 13 345 905 429 69 615 542 759 911 152 655 421 509 576 934 573 939 455 934 343 351 852 259 936 442 360 173 875 594 487 933 857 103 479 395 967 170 978 686 225 576 83 988 703 221 708 739 701 927 321 786 714 206 442 297 167 890 497 469 167 810 891 346 740 938 415 268 305 669 334 775 348 161 780 990 
164 162 533 593 900 992 526 295 718 853 402 247 304 197 249 265 87 6 997 145 251 643 490 669 708 398 980 524 870 419 887 185 941 211 926 975 0 555 906 299 798 867 959 666 349 202 483 321 697 827 551 47 615 615 360 741 877 670 291 386 572 49 474 589 226 580 799 292 790 995 522 513 795 871 907 233 206 108 563 778 790 936 409 319 27 681 427 331 875 764 635 144 931 696 945 919 781 14 831 686 594 430 980 276 243 653 348 278 523 624 283 371 233 159 655 637 201 216 148 722 516 285 150 952 546 634 894 762 514 383 796 43 687 658 144 281 485 294 563 576 
363 541 487 303 337 442 111 346 291 802 630 132 17 295 987 788 93 493 4 749 374 689 118 108 922 900 935 174 717 489 782 570 545 290 793 914 555 0 39 834 933 922 11 799 682 340 710 464 615 738 806 633 716 593 200 141 587 823 823 61 440 462 431 866 830 988 688 16 533 415 76 712 255 517 439 800 86 784 206 58 869 973 578 350 918 363 250 386 743 73 436 62 710 56 267 634 807 621 851 180 945 600 530 120 445 512 158 747 666 341 419 23 907 784 494 119 43 74 634 428 535 748 409 42 756 953 715 931 800 171 798 290 187 451 878 814 152 524 139 865 
244 796 709 265 847 778 14 574 513 995 125 739 899 51 914 518 454 717 470 768 935 990 691 693 629 423 455 607 824 49 159 765 694 200 416 601 906 39 0 424 396 156 774 679 292 43 763 82 55 866 217 588 350 128 297 934 297 371 118 484 392 185 989 352 804 173 440 477 438 679 21 566 351 305 116 89 388 544 245 729 149 39 594 980 646 302 762 799 250 910 945 489 807 492 62 236 10 49 533 976 405 405 721 501 625 829 245 990 724 141 670 380 716 826 291 244 669 975 15 112 985 86 555 396 702 29 432 336 937 715 520 656 841 271 113 839 651 771 749 193 
80 288 636 253 549 607 977 834 768 48 702 888 883 391 119 173 754 211 162 264 14 727 68 290 796 210 37 482 918 501 14 210 322 243 381 258 299 834 424 0 722 809 283 135 629 475 929 363 718 512 274 837 696 730 478 742 129 935 165 854 967 960 718 980 427 561 984 397 879 251 604 460 566 351 469 798 281 813 21 776 358 613 396 139 588 752 638 15 908 176 467 694 998 150 336 861 110 884 763 192 772 467 179 506 207 396 755 875 576 247 969 373 419 300 881 388 884 139 349 656 622 546 685 466 444 230 471 667 102 180 520 444 812 697 232 999 362 402 808 575 
604 84 378 868 742 399 16 307 828 221 3 469 738 330 183 863 258 830 865 148 644 140 525 431 434 738 402 527 475 365 612 644 218 759 763 138 798 933 396 722 0 937 761 69 500 995 928 868 156 822 957 313 62 621 667 306 478 235 723 112 219 884 716 964 579 493 296 913 560 514 657 434 810 301 915 504 952 448 176 137 220 656 350 626 579 18 990 957 747 817 730 141 791 197 86 445 223 329 695 761 765 909 275 583 197 121 850 349 981 406 55 110 558 656 540 773 509 697 794 407 987 149 930 326 109 53 214 955 207 846 407 707 140 563 198 343 53 366 285 571 
124 226 948 501 934 334 606 683 517 133 327 201 336 549 988 532 664 354 914 788 590 913 85 180 25 320 501 4 418 610 841 401 544 221 279 233 867 922 156 809 937 0 289 759 902 847 353 107 827 630 106 302 186 565 621 708 580 329 353 725 352 126 565 586 21 73 167 254 197 944 401 520 515 25 34 668 381 50 989 308 590 463 578 245 99 482 771 487 515 701 158 756 78 229 533 109 203 569 280 526 872 754 966 582 415 458 826 554 487 63 55 577 285 930 85 705 299 346 264 993 149 886 608 952 300 178 550 988 700 299 866 690 650 286 176 69 438 508 726 108 
425 462 985 654 339 873 166 619 482 827 97 400 471 213 50 974 720 810 662 341 630 869 466 816 216 57 630 327 684 270 640 37 873 89 187 950 959 11 774 283 761 289 0 541 868 341 245 446 78 741 624 375 489 630 250 474 215 244 385 254 527 261 814 335 755 264 823 786 190 162 11 613 703 252 285 193 90 844 660 686 345 612 712 747 383 101 795 59 913 57 392 505 469 511 191 10 822 769 766 362 258 758 955 551 463 371 305 421 992 759 186 697 560 718 443 662 639 613 685 52 92 495 577 943 839 349 740 704 773 627 126 292 422 502 964 437 95 507 654 530 
653 48 687 675 380 952 415 731 56 615 143 423 641 410 824 920 334 946 334 345 297 196 600 934 742 667 944 437 932 37 381 290 742 286 96 942 666 799 679 135 69 759 541 0 481 489 200 246 944 33 56 197 11 805 489 179 759 455 809 789 113 27 99 477 273 37 276 314 756 634 615 37 802 535 84 156 101 636 97 181 106 483 559 254 392 20 292 743 809 289 223 591 408 2 918 462 378 152 354 996 474 99 3 693 672 784 612 260 39 9 288 428 47 946 721 566 816 302 697 628 27 803 218 225 478 931 867 876 534 78 266 733 929 543 736 328 688 34 523 133 
752 182 108 749 887 962 104 539 677 731 848 555 158 162 729 922 366 488 688 245 771 303 257 901 456 571 628 540 812 877 437 365 960 56 322 85 349 682 292 629 500 902 868 481 0 123 616 197 988 159 256 81 692 458 401 821 294 90 254 462 897 723 676 629 10 578 874 680 751 617 315 939 440 721 521 364 392 820 672 267 945 223 198 940 21 632 767 295 779 565 355 885 138 180 302 902 235 737 552 33 101 174 470 253 108 534 932 949 986 237 592 954 457 413 510 367 768 796 556 269 699 911 269 684 809 527 77 402 1000 630 77 524 663 375 764 834 985 781 409 359 
976 41 559 746 279 690 30 525 837 312 551 948 362 936 275 453 110 738 321 817 107 8 985 329 779 838 793 627 832 698 779 184 473 625 384 768 202 340 43 475 995 847 341 489 123 0 189 125 996 730 762 292 884 196 979 545 625 407 249 475 613 323 100 84 473 859 831 264 368 122 146 138 654 354 308 5 546 940 603 873 707 85 175 813 965 26 524 617 535 887 203 498 460 529 526 811 162 18 332 40 295 557 86 520 306 999 887 640 389 301 159 510 751 520 92 322 351 222 106 890 550 405 910 108 332 297 934 308 24 642 188 747 684 328 848 719 582 474 112 11 
760 325 727 41 542 142 677 965 601 147 127 151 987 934 494 673 753 76 579 605 292 755 677 247 141 394 329 153 471 227 655 781 707 321 218 508 483 710 763 929 928 353 245 200 616 189 0 440 322 118 708 356 557 983 553 594 916 253 381 637 172 301 326 206 886 496 816 137 507 159 566 312 700 625 73 54 997 951 335 651 142 65 777 955 730 400 633 197 3 321 250 467 915 882 64 512 822 714 216 786 407 84 67 911 699 437 63 992 301 952 718 430 172 917 671 182 590 969 78 618 146 495 798 412 875 739 122 134 895 417 32 457 149 881 213 163 123 133 309 371 
235 166 365 77 769 718 306 854 17 773 448 355 87 198 297 778 986 479 513 290 368 747 745 72 821 107 902 546 772 746 446 878 218 555 606 526 321 464 82 363 868 107 446 246 197 125 440 0 638 237 156 636 84 916 981 875 703 398 795 267 771 789 463 551 810 535 193 408 162 763 426 840 559 545 357 707 530 391 570 869 771 510 537 581 818 636 941 77 650 472 82 509 73 44 827 661 994 512 860 124 946 237 202 828 475 149 240 132 248 716 748 868 984 51 639 33 579 975 425 32 30 52 627 659 11 928 611 226 215 489 596 523 833 653 804 518 753 847 998 982 
966 174 953 525 532 689 122 644 88 406 189 629 338 316 404 416 374 495 452 228 789 918 119 263 434 621 41 237 164 785 520 250 692 255 847 825 697 615 55 718 156 827 78 944 988 996 322 638 0 367 441 886 452 71 720 132 210 837 161 947 187 456 80 509 988 307 940 678 432 778 864 766 302 677 154 317 207 265 867 153 752 745 728 165 409 346 952 574 784 329 750 663 193 556 575 197 719 454 405 31 168 503 613 624 609 598 210 466 400 896 517 621 894 5 566 908 229 636 763 416 881 57 627 368 905 975 633 553 28 706 477 812 26 726 291 316 46 980 618 617 
405 867 219 519 203 816 389 168 846 654 456 19 28 177 335 884 382 189 46 683 882 726 343 245 168 694 490 61 525 819 47 389 56 428 849 824 827 738 866 512 822 630 741 33 159 730 118 237 367 0 800 549 183 708 809 536 773 580 105 286 747 998 79 287 4 498 378 373 430 827 44 85 137 307 302 299 29 878 669 473 504 777 317 141 331 110 853 491 995 784 935 154 74 552 409 553 421 132 873 425 220 659 850 378 196 939 993 588 538 235 985 993 325 594 62 607 501 913 335 791 706 267 319 616 493 199 358 654 746 985 853 823 333 83 481 137 291 274 801 476 
908 44 8 685 647 216 57 33 18 306 208 65 269 609 995 393 781 894 565 996 340 279 467 84 475 555 589 97 502 553 560 908 8 72 609 842 551 806 217 274 957 106 624 56 256 762 708 156 441 800 0 106 207 956 722 861 355 351 895 315 595 518 121 208 912 560 561 333 953 861 653 177 417 986 273 179 522 925 681 889 18 132 361 600 500 996 107 224 989 701 970 471 24 616 931 631 747 663 397 498 716 311 882 238 427 139 499 245 788 126 94 284 17 92 158 465 713 973 860 853 65 833 812 746 459 798 440 934 939 339 44 474 282 552 935 783 653 387 238 99 
72 985 661 846 573 262 333 726 969 874 451 37 813 441 584 899 939 730 364 37 233 604 560 177 851 473 24 287 245 110 229 95 519 456 188 784 47 633 588 837 313 302 375 197 81 292 356 636 886 549 106 0 85 976 225 598 259 493 296 723 335 208 960 514 793 671 418 995 548 186 628 903 795 999 940 321 336 880 674 991 377 4 244 382 8 325 689 782 871 848 720 975 746 473 651 303 24 343 798 150 333 853 244 154 762 760 39 679 453 46 226 372 519 469 287 819 543 974 866 615 123 376 891 400 216 997 442 643 248 179 981 224 243 828 801 127 431 440 808 767 
973 720 793 274 244 154 921 105 298 746 233 129 341 481 664 160 591 359 6 337 53 233 808 510 519 46 594 807 464 856 925 497 590 751 349 678 615 716 350 696 62 186 489 11 692 884 557 84 452 183 207 85 0 98 254 983 764 640 466 151 208 64 677 904 703 422 995 786 756 906 460 110 285 598 713 9 304 99 91 579 95 529 562 232 381 628 160 603 332 942 877 638 428 340 141 715 482 319 330 896 378 868 993 694 308 845 681 940 559 114 577 623 157 928 348 811 896 289 874 9 570 269 793 563 435 526 26 975 214 504 707 229 180 45 185 502 121 403 23 848 
294 457 703 697 676 274 846 74 695 74 6 656 942 818 377 949 601 505 711 83 6 680 432 805 988 656 59 45 399 331 521 657 554 162 613 985 615 593 128 730 621 565 630 805 458 196 983 916 71 708 956 976 98 0 234 890 173 742 239 638 729 560 263 220 959 392 298 103 504 759 265 170 948 128 991 807 156 309 652 268 73 104 459 325 883 824 652 419 718 513 97 809 336 11 14 448 431 206 668 568 505 73 29 212 471 383 732 201 410 174 865 262 152 341 386 305 605 973 216 86 6 277 314 735 502 210 257 893 759 171 156 428 493 367 918 979 117 715 184 798 
287 371 269 213 882 113 430 79 88 679 562 380 528 198 923 680 2 255 326 191 584 125 924 5 148 960 923 591 207 426 224 655 773 538 206 524 360 200 297 478 667 621 250 489 401 979 553 981 720 809 722 225 254 234 0 904 379 466 641 365 313 293 679 741 415 405 664 783 142 301 847 265 720 680 363 864 275 569 90 370 522 202 191 357 864 924 850 777 994 682 909 113 392 901 421 41 287 777 320 750 981 299 718 365 619 546 560 124 768 41 598 238 431 227 959 619 334 354 750 872 606 317 462 247 210 259 148 461 741 968 607 558 433 375 63 247 499 700 72 365 
973 918 359 1 576 527 412 156 471 563 997 514 508 850 927 439 912 427 198 682 462 31 837 829 22 509 560 236 788 672 288 979 866 354 535 582 741 141 934 742 306 708 474 179 821 545 594 875 132 536 861 598 983 890 904 0 168 34 639 406 5 419 784 282 398 706 34 734 314 752 586 73 669 742 117 160 946 692 473 814 901 425 736 58 472 562 383 870 259 339 541 383 168 281 557 677 93 41 375 612 738 948 458 347 935 55 224 499 85 743 254 77 555 173 731 646 160 133 863 373 88 74 270 882 863 394 559 91 222 246 589 456 8 443 144 283 438 230 8 44 
169 885 175 335 906 93 308 306 776 586 635 329 596 519 448 790 992 308 512 305 788 537 879 294 127 502 689 974 48 817 258 288 683 42 372 751 877 587 297 129 478 580 215 759 294 625 916 703 210 773 355 259 764 173 379 168 0 356 989 678 858 330 171 184 566 706 989 776 63 971 686 435 820 46 417 465 763 351 38 632 922 774 355 603 543 877 628 648 561 975 381 862 623 929 800 372 74 764 286 274 580 487 950 285 317 690 90 336 883 817 961 600 367 199 377 683 246 213 939 962 24 172 944 316 791 817 266 711 128 508 758 402 18 482 968 710 694 782 226 628 
110 913 633 886 693 549 363 639 889 543 375 254 932 438 445 855 324 529 904 693 271 931 704 742 419 488 33 87 627 697 93 689 494 456 560 421 670 823 371 935 235 329 244 455 90 407 253 398 837 580 351 493 640 742 466 34 356 0 596 717 387 731 852 964 783 123 962 676 179 411 604 193 784 938 732 226 609 759 392 623 717 93 925 67 172 239 479 328 721 185 2 917 518 402 142 262 423 553 716 759 692 94 681 299 83 19 771 156 691 214 231 314 52 174 301 619 320 43 399 345 546 241 151 47 381 132 703 806 727 494 984 221 154 754 833 768 103 239 187 368 
413 456 864 925 877 49 930 245 818 904 317 953 64 706 33 528 361 661 467 440 994 398 423 791 272 600 423 398 691 46 185 182 277 297 990 344 291 823 118 165 723 353 385 809 254 249 381 795 161 105 895 296 466 239 641 639 989 596 0 205 915 713 299 233 359 599 780 500 934 386 870 752 423 47 505 833 580 706 821 702 356 695 89 563 771 846 892 182 669 209 393 673 841 611 811 305 255 726 459 128 364 576 952 466 748 647 452 560 545 25 50 933 441 234 653 251 168 705 980 739 771 22 525 443 112 400 602 892 359 42 829 947 426 308 659 895 622 863 815 74 
189 659 192 200 3 279 608 400 750 672 771 252 198 748 529 881 185 277 62 542 744 363 805 297 709 796 840 67 936 609 438 400 579 76 150 385 386 61 484 854 112 725 254 789 462 475 637 267 947 286 315 723 151 638 365 406 678 717 205 0 969 234 750 584 942 437 470 875 609 600 357 269 397 762 824 693 989 257 935 197 58 360 329 28 852 122 71 324 843 558 289 717 930 616 694 395 941 593 361 420 395 925 361 344 791 521 118 428 872 64 594 1 631 945 664 772 17 762 287 116 599 548 331 658 653 151 172 688 411 444 415 201 473 275 348 618 586 342 996 480 
945 647 289 485 736 497 338 48 317 13 823 199 542 329 662 70 529 589 86 865 326 269 910 505 955 796 92 134 431 174 969 108 31 703 167 667 572 440 392 967 219 352 527 113 897 613 172 771 187 747 595 335 208 729 313 5 858 387 915 969 0 305 406 874 663 246 518 806 906 935 177 420 710 470 604 166 894 497 527 988 359 218 186 985 859 426 449 690 819 807 220 817 513 969 569 587 119 963 249 990 486 261 518 598 627 426 448 785 252 967 131 462 885 115 469 689 364 481 450 772 757 868 105 704 15 687 544 62 885 733 764 718 897 292 138 966 463 825 757 943 
221 416 340 220 570 212 563 234 402 891 528 599 447 669 303 917 796 856 336 685 494 210 40 987 760 408 573 100 746 263 632 252 230 89 330 480 49 462 185 960 884 126 261 27 723 323 301 789 456 998 518 208 64 560 293 419 330 731 713 234 305 0 383 706 57 430 320 748 393 413 14 502 484 997 316 575 901 545 303 424 26 143 53 395 143 757 851 962 594 684 893 420 159 161 772 498 99 244 295 653 515 307 437 998 959 783 462 124 463 994 525 283 410 188 295 681 916 141 387 851 646 927 671 351 238 727 727 267 757 770 22 257 842 787 586 115 486 563 236 101 
943 442 49 517 109 673 217 952 892 813 103 146 174 726 81 672 253 598 927 822 276 208 73 242 254 275 252 477 187 965 628 819 311 531 848 998 474 431 989 718 716 565 814 99 676 100 326 463 80 79 121 960 677 263 679 784 171 852 299 750 406 383 0 599 471 654 510 797 72 860 213 68 168 876 174 258 888 628 151 529 693 386 79 231 392 289 876 835 534 744 641 880 787 759 485 73 161 491 489 990 187 576 503 37 402 13 791 596 772 673 742 521 877 716 139 426 7 462 720 410 495 522 5 160 918 230 644 599 16 668 749 495 437 848 956 715 675 822 200 29 
833 865 196 763 412 467 651 91 972 542 736 989 412 997 572 455 312 11 370 914 415 85 250 37 219 632 183 306 307 557 582 243 452 706 629 116 589 866 352 980 964 586 335 477 629 84 206 551 509 287 208 514 904 220 741 282 184 964 233 584 874 706 599 0 802 794 438 654 864 511 795 950 30 486 885 932 883 858 275 546 439 925 335 845 753 643 954 522 245 661 864 445 80 658 542 130 217 58 943 325 2 393 534 114 389 883 363 224 177 20 163 463 843 199 709 434 852 702 914 983 549 575 411 24 980 201 595 675 271 608 352 881 407 813 982 931 531 756 31 559 
715 751 921 291 190 381 549 889 305 406 407 835 875 401 982 673 616 157 122 734 172 327 838 449 633 681 658 349 678 245 189 290 538 769 267 39 226 830 804 427 579 21 755 273 10 473 886 810 988 4 912 793 703 959 415 398 566 783 359 942 663 57 471 802 0 121 603 18 537 644 486 304 939 564 959 575 493 801 731 674 703 1 460 781 643 231 665 149 624 959 50 910 120 416 782 661 664 724 529 832 600 367 296 53 888 900 358 27 372 969 848 618 185 35 773 161 216 385 531 210 807 305 210 225 101 521 219 914 719 261 50 235 685 557 218 275 763 640 670 499 
721 704 529 76 651 425 372 322 720 172 158 960 10 644 892 849 52 438 388 546 91 156 866 990 435 274 985 297 685 113 601 367 693 105 136 13 580 988 173 561 493 73 264 37 578 859 496 535 307 498 560 671 422 392 405 706 706 123 599 437 246 430 654 794 121 0 641 539 221 99 627 241 804 437 779 32 583 803 638 857 229 977 996 837 903 341 357 273 747 501 29 771 920 684 997 330 493 361 25 510 725 864 639 43 548 952 919 488 278 583 277 793 869 358 632 872 246 384 665 568 525 543 71 584 148 380 977 278 254 123 952 397 812 550 283 129 326 690 430 86 
230 783 2 316 334 26 842 637 288 210 441 987 390 107 280 237 451 504 435 62 649 243 472 954 241 465 890 159 98 805 674 195 364 524 324 345 799 688 440 984 296 167 823 276 874 831 816 193 940 378 561 418 995 298 664 34 989 962 780 470 518 320 510 438 603 641 0 151 600 839 55 722 697 539 650 241 377 181 216 621 913 454 585 725 857 43 563 209 438 554 231 514 686 76 456 788 273 304 173 813 290 390 353 206 466 950 710 457 543 899 556 599 807 25 380 552 999 489 24 442 96 665 561 437 691 987 242 912 967 740 113 957 484 949 160 570 278 801 105 42 
819 426 300 297 575 206 702 856 575 620 493 994 126 487 429 316 946 926 606 573 65 924 257 527 199 90 555 662 466 401 71 990 839 762 861 905 292 16 477 397 913 254 786 314 680 264 137 408 678 373 333 995 786 103 783 734 776 676 500 875 806 748 797 654 18 539 151 0 996 264 191 351 59 833 590 610 81 562 270 862 31 821 446 771 874 437 975 3 677 138 283 350 400 491 718 889 884 731 407 722 740 175 991 97 144 129 851 957 766 460 673 212 314 265 467 279 436 303 406 696 948 103 79 840 650 940 32 67 180 81 701 801 672 984 89 385 179 370 815 728 
564 466 590 382 794 631 515 895 343 884 124 949 724 221 585 756 196 781 29 284 484 496 325 728 723 603 809 177 151 84 207 663 320 81 696 429 790 533 438 879 560 197 190 756 751 368 507 162 432 430 953 548 756 504 142 314 63 179 934 609 906 393 72 864 537 221 600 996 0 111 336 371 57 162 940 716 306 466 912 553 954 967 441 910 353 233 177 874 835 198 897 588 161 577 496 887 91 920 214 151 139 562 298 270 794 926 492 802 771 946 47 699 66 561 162 203 890 541 33 779 754 114 929 186 262 132 969 49 420 765 522 542 480 955 402 39 647 103 271 851 
364 19 930 357 635 899 217 671 658 89 406 469 244 725 394 124 963 328 743 391 617 148 427 558 616 488 94 277 680 362 885 976 937 710 743 69 995 415 679 251 514 944 162 634 617 122 159 763 778 827 861 186 906 759 301 752 971 411 386 600 935 413 860 511 644 99 839 264 111 0 174 748 942 392 651 198 480 397 535 357 295 51 211 242 626 128 144 904 114 509 905 752 360 686 123 518 662 113 668 328 331 503 594 635 285 447 657 985 811 951 445 853 700 759 422 40 144 561 422 350 96 461 405 559 996 299 517 869 42 694 738 378 428 915 685 261 216 944 356 673 
422 947 770 392 200 772 455 61 832 936 15 732 521 18 821 724 805 405 339 748 521 412 271 707 692 768 738 250 523 174 696 742 786 109 220 615 522 76 21 604 657 401 11 615 315 146 566 426 864 44 653 628 460 265 847 586 686 604 870 357 177 14 213 795 486 627 55 191 336 174 0 775 337 860 593 941 735 433 102 340 149 291 821 532 370 111 505 900 111 188 17 461 747 564 168 21 757 682 167 331 229 354 649 194 43 94 530 663 580 114 166 776 73 524 554 493 964 539 551 746 869 741 360 791 6 683 758 272 217 395 790 676 912 579 945 94 573 542 9 463 
563 659 453 684 199 117 317 784 165 460 89 287 601 688 228 407 519 759 923 302 586 214 973 119 697 877 35 969 271 40 259 160 690 127 458 542 513 712 566 460 434 520 613 37 939 138 312 840 766 85 177 903 110 170 265 73 435 193 752 269 420 502 68 950 304 241 722 351 371 748 775 0 658 168 111 716 27 472 679 504 237 534 296 413 332 858 690 856 968 460 344 48 998 216 454 752 871 293 231 704 446 676 766 893 101 123 955 126 222 64 217 540 449 269 982 980 279 302 186 433 897 87 266 917 320 113 376 512 247 82 819 455 197 46 925 457 805 334 856 678 
691 30 377 615 191 627 325 686 658 709 93 146 266 962 650 975 85 882 370 398 731 175 267 184 948 433 43 570 676 208 949 402 812 381 297 759 795 255 351 566 810 515 703 802 440 654 700 559 302 137 417 795 285 948 720 669 820 784 423 397 710 484 168 30 939 804 697 59 57 942 337 658 0 385 808 79 32 124 246 491 731 503 911 420 254 822 586 2 150 916 631 660 363 450 860 660 984 377 280 4 612 431 989 115 743 757 788 67 863 53 294 344 153 812 603 352 2 537 805 174 723 35 895 305 164 152 873 348 128 553 84 910 769 407 98 171 400 96 668 872 
