180 54
0 12476 16816 15016 39072 7480 33968 18288 17216 17980 39948 28008 27188 26220 30620 36860 9364 8760 12396 4848 33328 11536 14936 30188 9960 37732 8072 1544 9964 7912 19888 15872 10696 21712 2816 16336 23220 556 4576 34640 1400 692 10920 32116 24968 15956 36960 24024 18392 19656 14072 21348 37448 4912 29096 14528 5356 32860 2868 33488 30372 28088 24856 8296 6688 30644 10792 4912 10536 24068 196 20288 13356 28716 20684 11328 3920 39884 15852 1948 21264 39956 23740 2716 10316 4088 2604 7384 22108 28712 31000 20728 10420 2276 18984 2028 6744 7596 37316 18620 25452 15152 21540 33824 21032 36776 17848 3684 29256 39052 27544 6880 34200 5788 37048 22148 32920 29020 30244 17652 19724 37820 30136 26616 21880 24340 26584 13624 8652 36500 17096 25980 25524 16576 37452 14460 35492 15220 29152 37852 39312 132 412 15684 16556 8908 27752 3468 39380 5292 14920 14864 832 8340 16068 25132 9648 33764 20092 264 33324 36924 22952 6124 21428 16740 24904 22032 30936 10012 39448 13120 5548 35428 10948 25860 30808 16688 27752 1124 
12476 0 16932 4104 27664 9164 11192 24056 2724 20884 31744 15664 68 19756 4800 4060 25844 28812 36972 29660 8980 37008 24680 2760 31720 19408 12544 22864 3784 15528 2552 32132 7056 188 5948 2292 27632 11336 19684 24384 2144 9096 19320 772 35196 30536 30244 8724 14844 14428 29080 14980 22904 472 37172 30676 27080 17260 18016 5988 31664 23432 516 13872 33804 36364 19912 2308 22100 32776 38312 4352 24500 15628 16648 25456 22296 11656 39940 37352 37156 13988 7808 37968 28020 14144 11976 26612 4756 37840 12796 33972 15464 28940 36548 36160 34260 35968 5444 32236 26476 5516 2216 14624 38088 16956 21120 11696 6296 2804 27304 32016 38108 9124 36332 29512 33792 20360 15788 19036 22112 22940 20844 1624 24184 32052 25628 8872 32816 15948 2288 25784 24292 22200 9644 1480 9332 20184 23264 7112 20264 24284 8876 10400 21148 32096 30960 26140 17812 2084 38432 12052 14628 24980 19248 9364 34944 13384 25856 37508 31988 3884 23308 22276 7200 16108 1984 6828 22776 23044 6728 24936 5384 37028 24316 25824 7860 5796 1116 9992 
16816 16932 0 5800 22904 32844 25372 35916 7000 18212 3240 12996 14184 38452 23204 12412 37972 14492 6676 14980 1144 3740 8208 1088 13888 28280 4032 10964 22600 16408 7228 37940 23724 9360 28832 31600 27036 35100 14348 17704 2664 21080 14928 31716 16320 7772 22704 12856 7032 14964 29560 15540 31832 2548 38776 25068 11700 17824 8892 34444 23172 31076 39172 9216 30024 11364 36060 17180 39316 4396 29952 9856 36272 24300 1732 32600 22284 21292 8392 10204 10512 36956 7136 24908 3320 29156 27316 13636 26076 18372 29620 21388 21564 17348 1856 37644 19456 15936 10692 12628 5212 23044 18780 20352 2732 17468 6572 25272 15204 29608 28272 39480 38488 25840 1236 27244 11392 37456 38236 3836 17256 26084 21956 25476 21200 27392 11084 17296 37404 5004 37372 36164 30808 16492 23052 15300 27588 23288 38000 7484 38820 6452 5968 33812 11660 20104 19312 14820 32444 24448 31572 30840 16084 30224 27268 8528 6140 16496 18308 20380 19880 13620 26364 34136 22820 33308 20616 38932 27012 17596 30188 5104 37504 28668 20732 24476 21348 31368 14448 28048 
15016 4104 5800 0 3500 30264 22980 7944 4048 13188 12536 472 21064 3068 10584 17220 33516 9968 33572 1004 8588 5192 4944 13612 27792 9352 2940 32140 16252 36236 27444 20856 9500 4368 5348 35456 22216 18164 3752 6568 33252 30508 30376 19372 11284 28656 10608 36264 35576 15344 20504 19364 16072 26956 25132 19820 7348 644 21676 10708 680 32256 16608 10464 8688 16976 36348 13700 26868 34528 20788 16260 26416 10820 19024 31420 22732 37912 36696 4096 33948 24180 14308 19936 33864 36548 25904 16164 13716 26676 37452 11060 37036 2948 14348 38944 22116 180 17400 27560 36356 8864 16628 24688 16908 35908 2344 30920 1964 38632 22780 25416 7136 4028 27752 21560 11180 15036 7600 39380 5568 35788 6936 11568 32188 37672 2424 10060 23604 18096 4084 29940 30208 33804 29428 17652 28696 20660 9820 316 36164 21728 18436 23052 24280 15572 19228 11204 17856 26616 26200 4320 12196 9436 12432 18736 33636 8896 38208 5700 37596 27968 37612 21872 28576 5104 32976 19072 36392 33100 36568 30160 33136 1232 28852 17952 5144 12612 12760 23964 
39072 27664 22904 3500 0 4356 18604 33296 23976 13516 2208 21864 27184 29496 12228 14704 5880 19172 156 24808 12512 12232 21648 16680 10988 5220 14380 3320 39148 1320 14316 14836 9196 108 2076 17988 23052 1768 21452 36112 9448 20068 21816 8784 19660 28512 6384 20540 8740 14028 38160 18132 19136 2580 25436 25568 13580 11040 18772 36448 14088 9764 1260 12836 13988 30184 4020 30176 19816 1808 28720 17492 29976 33020 29088 32360 7044 20056 13224 19972 30544 38488 18588 15664 27152 21644 1608 308 5136 324 13668 27928 9912 28160 5484 14916 27652 7012 11620 30228 33720 36812 37104 15912 32916 4168 17988 37400 28328 14124 37716 12876 25680 39496 31188 1108 30092 12080 18416 17180 2080 30184 39596 35380 29688 6808 13524 8768 23640 12848 31184 24652 12356 19748 6432 5460 3752 35924 15604 14324 30640 1336 27964 34752 6664 14628 18820 23800 29608 37164 27244 8092 18956 28348 10200 2040 24600 36644 35040 17704 33532 20576 2136 5596 31448 24204 19636 15868 6092 21332 2140 39184 29228 32936 35192 36728 4140 12084 17480 38692 
7480 9164 32844 30264 4356 0 35484 792 22596 580 28440 33168 32256 36768 13956 29224 22820 20664 27028 13712 37032 30832 14836 4388 2796 12476 21668 4060 30936 33652 27468 20796 13756 5564 26864 10688 36280 26368 25624 7496 2108 37800 1324 33624 5656 14052 5200 36736 32780 32216 31956 26392 21548 23748 14484 35148 5100 16260 30340 18396 28452 5028 16856 17408 21124 3628 21732 39880 17468 33032 26056 2424 6532 18544 26532 9324 23428 14004 33888 11980 23960 22548 14268 23372 14492 13368 10488 31940 38868 23812 10092 9264 34268 6240 17016 15896 17904 8932 33760 19744 36404 10512 30936 11352 39756 17212 31104 10492 11716 2364 3712 8396 18520 37476 38040 20040 7792 14328 31064 30856 39544 7360 17032 32200 1096 15840 35700 30000 27816 35100 6080 972 21580 16272 2544 20684 28780 3844 20216 37984 9792 30492 6476 20032 21744 38444 25476 2408 6500 26904 32556 28612 25704 34744 25388 13372 34772 17992 28780 14096 17712 11384 19964 4888 34612 13384 31288 17448 23744 4100 37164 3284 10060 35376 2120 21580 22052 22516 36904 7112 
33968 11192 25372 22980 18604 35484 0 28796 36984 19432 22544 19032 29440 7528 29572 34256 2508 20256 23176 17564 22664 14796 23440 30244 30564 15696 29288 37896 19260 3364 8492 38032 39624 18704 8344 30980 22380 30772 1408 25980 16088 4288 10616 4356 10540 13928 28216 11632 4804 22248 12856 480 29440 28096 19204 16340 2132 22424 4488 7624 26236 38368 26336 32364 31484 32420 36260 3192 26352 23660 3188 2484 1364 7836 31416 9612 12772 13200 27352 12112 25936 35012 39388 2684 27840 35500 5376 13892 8052 6252 11948 32432 17560 19840 20176 4828 4808 7572 21880 36472 18372 10272 956 15864 15576 18920 4164 25880 6476 12076 35640 34028 32576 6916 19640 3524 9624 30772 5780 17020 33904 10088 1188 14952 1392 23584 23988 316 39084 16604 22388 11740 18008 3432 33856 16796 27120 34508 8692 7344 17632 15416 12376 28844 37024 34460 11108 5476 2160 25804 14864 32956 10892 4956 2368 20944 1516 3516 22376 16852 19432 72 35592 33028 448 34092 31640 9080 30008 19696 5464 31328 7828 26200 27476 21140 17204 2272 11908 34140 
18288 24056 35916 7944 33296 792 28796 0 28456 10612 37700 2072 15848 10016 6260 39284 17340 31680 30572 5584 36584 6664 39924 27500 16508 31332 14704 9652 3892 27700 35572 18280 34292 5540 21480 28632 36668 23100 792 18240 27140 33336 9988 37860 31228 12548 4264 21984 23904 18252 14428 30788 26900 33192 34444 25444 32628 22348 14048 8564 34040 39860 20728 11760 9868 32668 5556 22148 4588 37812 17120 29632 12464 232 38048 26936 25112 7956 28408 4172 11860 31528 10424 29860 12372 24592 38836 276 10876 12476 31312 8988 31340 5648 3276 18472 23028 24944 21500 5652 35764 15416 896 3288 34308 35700 38832 29040 31208 39772 31344 24108 27496 17924 5664 13320 20612 33924 13404 28532 28940 25164 38760 27236 12316 2656 26172 8228 17868 17848 21724 16228 10624 33028 32740 17308 18172 2252 19916 37036 28848 39648 6348 3172 12720 1988 17880 24816 4852 22380 19080 9872 136 21988 19276 12732 19104 36596 13008 33976 34112 4988 29268 4088 15212 35900 13892 12920 5188 20524 39488 16920 22984 27364 27324 25872 5068 6388 15428 21120 
17216 2724 7000 4048 23976 22596 36984 28456 0 3964 19268 17424 27092 33404 22648 6368 8032 39480 1320 8000 31788 7100 18104 17808 32564 21212 37408 26224 34476 32104 29284 6384 27808 4200 30832 8792 19840 17696 11928 37280 32132 22424 2020 30620 26100 33312 24976 4172 28812 6836 38788 15984 20852 7812 7048 31628 38116 5916 39052 12232 29444 11296 25420 40 21936 28700 6076 25908 35832 39392 37524 33048 872 30352 16208 21468 15932 20048 4924 27452 23880 192 19096 2428 23492 2844 39804 25648 30332 32252 30452 15036 8432 10776 23944 30540 4672 18316 37256 34448 7728 34560 20220 22956 23492 3480 15508 13412 28756 9428 36568 21592 35160 4184 20464 13416 25148 14412 22484 25412 11920 8768 29356 18380 5164 14164 18004 38572 34508 504 16644 30812 32540 23240 15188 17864 29256 3176 21736 10500 39856 12888 12108 22604 37708 29088 9228 15664 14396 364 19316 7080 18716 9640 1644 26632 36488 720 18856 15468 23064 28348 4656 12028 10396 1088 35728 19248 20572 16424 4832 37420 7648 37500 1872 37120 19704 30796 39864 16508 
17980 20884 18212 13188 13516 580 19432 10612 3964 0 22924 14176 12664 17452 39676 34664 21308 24796 22380 25312 15896 3172 15076 20552 29812 15748 4552 19388 13256 19212 32952 35840 2852 19480 33672 5956 14312 2404 22448 30828 14960 23920 5552 4944 23008 13940 16892 9272 30480 18484 25944 18452 16636 14260 28412 1444 8776 244 1392 25048 37316 484 15052 19652 1984 22608 2584 36564 36008 26344 20372 36320 5236 6480 228 17384 28960 24588 5568 24512 39404 33940 13404 26264 6712 31928 14064 20984 26324 4420 30420 20608 35588 16424 28640 11732 16540 13364 22176 3268 31660 27444 1028 52 9532 13404 8020 31848 7248 28064 14040 17056 6452 38040 14112 10504 29896 9996 16144 34748 15360 27804 4272 24220 13860 31008 8612 21564 8956 18932 23364 15632 24096 14844 5100 20408 34816 14536 33120 4308 12732 33660 3768 9204 38128 18276 536 8544 28072 32916 11900 23952 36916 30548 38704 29672 16056 38840 2996 24260 9796 7116 180 18848 14264 8304 6384 21408 16184 20332 2852 26356 18400 1288 9340 28880 29052 22772 8288 13392 
39948 31744 3240 12536 2208 28440 22544 37700 19268 22924 0 1256 35764 31696 35416 148 13420 12596 6372 4220 25152 12932 556 37744 6352 9792 33732 21248 38212 31812 32700 16852 1888 7656 5216 35352 1492 18464 29636 21976 264 16084 13672 7588 4236 39020 21600 22336 17832 7952 19356 18524 5796 32700 16820 19612 25700 12488 36728 2248 25576 1436 29552 28160 10912 21104 23736 32832 15444 11976 10648 7772 132 25780 33640 3332 14652 10492 588 28884 5808 29912 29280 17264 27252 9692 25032 30336 14836 31676 39892 12584 22032 8436 12856 9580 19748 19884 20388 18188 14932 3832 16716 5440 12368 22348 13176 2880 33960 15848 16084 33324 19996 6724 12432 36860 6624 4436 22804 12980 24072 33900 10920 5720 9840 39120 9128 8704 1356 23828 29268 36912 2372 1120 18260 22104 7588 13892 7776 38744 39740 17960 17420 17312 23672 29776 720 31860 11644 30572 13380 18728 4340 8820 33128 33224 21888 12908 30512 1248 9324 15868 20096 12608 10812 4052 31332 13012 17040 31636 28576 1564 20184 32816 19552 10624 20740 33576 1676 34936 
28008 15664 12996 472 21864 33168 19032 2072 17424 14176 1256 0 20664 14880 5620 6888 7196 9224 25456 4804 21688 22360 34780 11056 17872 22080 18220 27008 23908 5956 37608 1540 12596 9928 2324 108 14120 9536 23056 11168 15724 35748 38460 36876 2664 37252 14008 4908 24824 31028 22468 8284 23372 13156 5328 30096 1836 31652 24612 39972 15964 33300 24388 39188 26748 26252 11396 1260 30992 30356 14144 24976 13780 17056 29856 26612 37252 10712 18660 28336 30032 13268 14352 29616 11700 24092 31164 18460 16676 36912 15868 9488 31888 25664 24596 5576 32620 21200 13800 30040 10876 30644 4644 26200 20680 1380 30276 31180 34652 1408 5312 868 16252 38108 26932 32876 22060 27108 26944 24364 38484 33300 24208 11656 27228 35764 36780 8452 23952 38500 3164 9584 24468 38892 32016 37124 2824 15724 29752 35756 15720 28616 5328 34312 37540 10832 1640 268 20464 7244 12928 24156 3976 19384 17484 712 28148 29424 25120 23696 15120 25004 8736 1160 33092 16720 39336 8148 7244 10220 33944 23636 31936 24724 15688 28608 8580 19856 35544 12120 
27188 68 14184 21064 27184 32256 29440 15848 27092 12664 35764 20664 0 23548 2692 35012 2296 10484 36860 19160 9020 11440 5616 39412 15304 1112 30684 15396 4152 8696 18860 35316 17808 1588 18132 24132 16240 5408 35264 39016 31812 24684 16720 21336 6884 18568 24748 4716 31384 35980 10548 28340 27060 24520 36416 15080 15400 37556 8644 3648 36080 13856 33188 14280 32752 34132 35832 37232 33116 8860 18880 3536 112 1776 16084 7332 21140 3416 17840 19180 32136 19052 28392 19744 3436 25432 27040 13176 4232 688 15112 29620 12584 1768 20688 36188 27768 33780 22836 5776 11928 25648 7344 3124 37820 36420 15740 37468 29580 26596 19524 1176 13396 18904 21460 23712 4888 2844 35816 20372 30176 27388 9432 25064 27424 16256 35476 26620 25760 10056 21768 37920 8480 29756 25552 17256 37372 5796 36600 31316 25040 27252 480 19096 32124 15388 3948 6224 16268 16044 34212 28972 9732 35144 14088 37360 32492 31764 24800 16784 17756 13108 38388 17448 36692 25780 11528 31052 39332 7716 2696 24060 18472 35136 24512 6960 33424 28960 33172 28876 
26220 19756 38452 3068 29496 36768 7528 10016 33404 17452 31696 14880 23548 0 20568 34952 26808 36896 7520 2080 34672 29508 37804 33372 29020 23508 2908 13720 1580 3776 28604 8960 16420 35244 32388 604 21196 6516 38948 10640 8548 4408 10504 712 9580 8884 38888 20112 11316 7696 36292 6940 19912 136 31500 16772 21632 9252 28504 23288 3348 31928 34388 5140 4504 26200 33344 3524 22392 5132 13676 4772 2640 36716 4712 32352 36744 39100 10464 2688 18568 30552 16920 29092 21660 23500 19840 28292 29248 2092 29944 13840 18824 32572 22348 30808 13168 5900 7144 16160 39688 1964 7980 39168 29964 34768 25516 26228 21348 27992 32656 4468 32528 252 18404 28532 34892 9472 27216 4880 11612 15736 30756 38028 26268 31988 38896 13060 32944 21964 26844 18812 9632 14708 25312 26088 6832 35088 10504 5296 33224 19660 948 37880 30280 17232 17868 25884 37708 23564 16148 14108 21588 9520 22604 29128 7056 32088 8580 29636 7472 7624 33636 12420 11880 16676 7248 8420 22664 19820 25400 33152 25304 33824 8944 25956 22032 27540 20564 22388 
30620 4800 23204 10584 12228 13956 29572 6260 22648 39676 35416 5620 2692 20568 0 31336 6896 7268 14172 5168 8392 5260 1040 25700 10404 14076 28880 33532 21740 36828 18540 29220 16812 33492 39672 20020 36732 24044 14004 33668 25832 28384 2364 11120 22844 19860 39916 120 16224 39344 13900 1472 22940 26632 8292 29832 92 16172 29776 1012 8808 33856 39352 27568 19676 1872 23984 34580 39216 8404 12692 17504 6652 29120 31400 34004 448 37260 964 31544 23928 9264 32736 22732 9364 22752 26036 10204 9944 13792 1932 32944 38936 10284 17664 35964 25468 28336 36112 35140 6292 28572 14684 19132 2884 19140 7980 268 3280 2388 8652 36200 38008 32044 20752 14324 29500 17772 30044 700 24364 3988 25572 5468 27856 19796 36912 26568 29992 6968 1448 3632 22600 22768 6064 4000 16748 4548 17648 12624 39884 32988 26724 27820 22092 824 18652 14736 10804 3976 36724 38328 3384 21920 11556 27864 16940 24204 1152 34668 24696 9964 15992 15112 38416 17332 13548 20676 26092 29584 16564 6904 4440 34940 39552 3252 15432 26872 37756 35580 
36860 4060 12412 17220 14704 29224 34256 39284 6368 34664 148 6888 35012 34952 31336 0 26352 21768 23096 3220 2668 20892 21356 2524 13168 13448 35064 38676 36644 7656 26392 37760 29624 6732 24472 848 24388 16596 31528 32072 36744 22240 12128 22472 12908 39568 20012 21600 14852 39676 6816 18632 13500 32324 27084 24968 29152 5584 3960 132 8528 28492 29900 12876 37752 33564 26804 39344 20732 6080 39952 10208 2224 37012 10076 8584 5024 26436 37996 10668 20640 34360 6156 10948 2784 5760 31464 23852 3136 6804 33768 23700 38656 39052 34404 14888 9936 28540 9132 34104 39844 36636 9876 16528 11924 29504 39636 27804 17908 33112 14900 13764 33668 30592 24 29672 33060 8868 27856 940 38976 11416 31052 37168 20980 24036 18416 11352 38952 10508 668 6200 2072 24996 19976 39360 22524 18092 7684 9492 33308 3364 4552 15016 29516 21288 7940 7436 22488 27448 232 31136 6164 1856 2988 31444 5052 26272 11072 22944 3184 6436 31252 19824 3388 6028 19536 20172 36324 9276 1708 26120 28604 19072 31400 11656 9392 7468 10056 39996 
9364 25844 37972 33516 5880 22820 2508 17340 8032 21308 13420 7196 2296 26808 6896 26352 0 24844 5420 3204 22456 19808 28688 17384 20572 36076 26712 12132 3472 6660 11412 11348 22292 35392 12704 28472 13544 21248 37676 9836 13292 16804 20264 10520 14052 124 38296 27152 26240 29544 4832 1996 36052 644 10596 2676 1716 34856 24432 31980 39864 19020 28656 12044 4056 25300 36140 17332 27184 30844 6048 808 9728 6528 5068 27604 5700 14172 11048 628 28168 1620 5852 32464 6196 35044 14392 27924 35156 37840 36640 11632 32172 35528 29516 25056 38680 35960 25568 27280 21932 4288 5256 3996 37280 2036 29756 18980 23212 9616 31128 32508 30912 1732 26776 1092 20288 14984 15016 22804 4316 37092 18656 22716 13572 37084 33452 2720 2860 25844 8344 10112 31744 6380 34308 29396 20924 3204 8712 11592 36332 10164 12068 25448 22732 26164 4024 4976 38844 38084 15528 17624 15724 20300 23932 27500 30376 30204 28060 18000 16416 9048 9952 28236 3704 27544 324 27628 28764 5532 34456 3016 27920 25144 35520 2720 35008 6824 32148 11852 
8760 28812 14492 9968 19172 20664 20256 31680 39480 24796 12596 9224 10484 36896 7268 21768 24844 0 15516 7576 7112 23324 39048 10780 4052 38868 22004 7028 9056 24488 2292 15300 14004 14700 38028 23832 38556 9932 32024 148 17624 1452 33976 9512 31272 28228 22248 11248 3812 20072 17072 32324 9080 31456 27076 27472 8712 328 21012 25332 20288 16396 6556 9936 2228 13172 28048 36916 32372 8184 25048 13808 6984 25720 23608 23848 17224 6496 22084 2596 9812 18620 23416 26820 28872 14200 35720 4944 25744 26016 33084 8504 33716 28560 38404 13936 34488 17944 20220 34100 13276 34876 25320 28892 29424 25268 19064 34360 19404 2676 35272 39648 19072 27092 7568 31168 22044 4372 24020 33384 21096 692 37016 25568 29440 16452 30152 23896 8764 13928 14136 28300 888 3132 33440 23396 9956 172 15708 32880 31972 2544 25696 36816 38640 15724 15672 11112 12288 15396 14140 38612 18844 19748 24740 11160 35672 16152 37252 12032 21164 16672 2500 38076 2964 6692 33128 10952 11724 1128 22028 36864 17208 32504 360 4136 33680 25368 7004 18012 
12396 36972 6676 33572 156 27028 23176 30572 1320 22380 6372 25456 36860 7520 14172 23096 5420 15516 0 11412 1336 11364 22060 21196 29188 1312 5552 8760 24376 38264 6196 5920 32336 11148 7596 15372 39932 31240 812 35992 9460 19644 9392 25516 39580 9396 7264 7496 7504 13964 28856 19352 16872 4104 20800 8472 25648 24908 34640 33168 38468 14888 9860 15396 17720 19044 6664 22112 37840 17748 37856 22144 17116 3296 19168 35424 11428 26060 7484 1500 24240 22068 26256 24172 17308 3904 27524 19132 16396 6832 29940 1492 16388 31940 2116 20072 236 38268 30704 35312 36040 5756 2584 7700 26672 20852 528 33592 16316 26736 21708 15248 8300 9964 38444 2060 18584 5424 30540 29748 19308 31516 28596 14448 36720 37368 17688 28556 37928 34036 764 15216 10780 31484 11124 8300 11324 13300 33424 14796 3152 30932 2468 6400 3036 29432 19292 37324 17252 26452 13796 35024 22900 36508 13376 20876 18688 22236 26924 7580 19460 4676 3520 30196 38924 34288 15232 17708 34892 14756 23436 21940 1460 21280 37924 10760 2436 5360 8280 2400 
4848 29660 14980 1004 24808 13712 17564 5584 8000 25312 4220 4804 19160 2080 5168 3220 3204 7576 11412 0 30496 27904 36848 7784 26312 12488 32676 17748 2124 20748 15796 2004 24128 21648 11268 16760 17972 16644 2284 7812 11832 32464 21776 26060 1388 23532 31860 22248 31104 15776 10524 37856 16128 33812 34900 18984 39296 3264 512 10156 27496 30212 25900 14816 1848 29544 1940 19524 26040 4148 35284 8628 27208 6788 25268 6308 33720 26572 23684 32908 24260 11828 36760 32368 32572 11344 18756 37700 2240 25760 16528 11316 15888 11080 34456 7116 13160 6072 39080 31240 1876 5528 12856 28296 16724 11224 16372 29968 9852 22408 28432 32908 27768 17784 23348 22756 38892 30784 34860 11136 26160 30036 5992 2568 9016 6920 34312 18144 29232 2060 31864 32784 24852 12636 29256 13076 6704 12380 3172 12436 1812 6172 36764 10552 38104 11048 32280 33956 14768 25548 5276 24612 32684 19264 39800 13388 9220 24424 33936 5252 11856 21476 15096 33152 34956 444 14364 7368 34092 30004 19368 37252 2252 16120 14960 32252 2372 2136 11168 39024 
33328 8980 1144 8588 12512 37032 22664 36584 31788 15896 25152 21688 9020 34672 8392 2668 22456 7112 1336 30496 0 512 32176 7700 21588 34080 9748 14468 1364 19464 33412 17432 3932 33448 21400 29196 29468 32816 7056 13680 33676 26464 16960 4292 36068 4444 13636 24932 2560 18300 34700 33244 39152 17048 30328 35440 3640 13228 30920 12140 12212 3332 6828 24516 7784 37052 32044 216 6984 39676 13696 28332 12644 2020 19236 2904 28660 2296 3224 24216 24140 14248 25508 17372 23648 25944 22796 37440 30468 3644 5332 20584 19780 5048 744 30536 8548 36336 36744 19828 19072 17400 24712 15076 3036 29580 15956 5780 2940 30332 32516 25968 37800 29188 4464 8044 9948 9376 35484 38268 19896 9460 28664 13196 6028 29440 34352 26468 36076 35588 11956 25336 27228 28488 27588 6284 1740 28592 39352 29132 34936 3700 32268 18972 22448 12732 34584 15368 3620 10152 37440 18112 27884 5436 9720 28992 1056 1976 9972 18900 38356 29728 7272 39660 21080 36060 32916 29964 23776 9132 14796 34788 8800 38180 16364 7640 35136 25104 12020 15084 
11536 37008 3740 5192 12232 30832 14796 6664 7100 3172 12932 22360 11440 29508 5260 20892 19808 23324 11364 27904 512 0 38340 11704 20824 32788 8504 16964 30428 12620 3080 8748 33048 30064 1500 4296 25396 11356 18380 23860 34424 29744 22280 31896 780 10200 16816 10172 1812 12008 11036 37160 26040 28552 15932 18092 920 13732 13960 48 25840 14344 18440 16468 12148 17796 29732 15464 22164 14592 24996 36256 8964 24872 8516 8208 28916 8456 39392 36704 8744 27728 3444 10384 39044 2760 26324 14000 16148 8016 34576 1324 24136 30056 21608 32472 18972 35576 25416 30016 26536 9176 34928 18248 36512 30232 11876 20016 23948 28260 25048 35424 20412 26088 23776 16872 6556 10320 27576 4732 8040 18324 38804 38056 26620 1280 35172 24728 8332 32496 9032 5376 20596 524 30300 15456 20164 16324 39872 39892 3744 13940 10448 4608 23200 34000 1580 39360 37220 9468 5880 16220 21260 2980 13228 18128 7720 15156 9856 1824 18176 13280 39196 9580 19560 39688 21364 14120 6152 29276 38148 11036 39288 15452 372 23164 6616 13992 24532 11200 
14936 24680 8208 4944 21648 14836 23440 39924 18104 15076 556 34780 5616 37804 1040 21356 28688 39048 22060 36848 32176 38340 0 32812 4072 15548 15028 3600 35916 2544 20052 34992 24452 24496 12968 9576 38272 12632 21300 31756 23348 6492 21112 23820 30840 10464 7276 14704 28384 7724 10612 3296 24228 18420 16372 8228 3612 19012 28332 5972 26704 29580 12964 29112 7568 6060 28008 26720 23448 24204 9824 18644 13800 12184 23928 5652 18392 18712 33048 27228 33932 13528 7108 8988 18492 27172 9480 11488 23204 6836 23940 22412 528 15292 16624 3884 8512 9648 17400 36932 20404 6896 15072 14816 38968 13060 30692 27240 24944 22904 23440 27232 38936 6948 13424 22580 6192 12828 15756 3744 3584 37708 30292 30080 18208 18752 21416 26240 16936 18472 32240 10652 16356 11812 27588 7976 12404 11876 30140 27316 39112 1180 4136 18200 35848 25264 30960 6076 12360 15564 11048 19268 11120 38432 16436 29272 16184 37164 28352 16228 8104 23876 4236 1456 14156 8188 28532 18956 13280 39500 31652 7728 5160 29808 11468 16752 2748 33876 21752 4608 
30188 2760 1088 13612 16680 4388 30244 27500 17808 20552 37744 11056 39412 33372 25700 2524 17384 10780 21196 7784 7700 11704 32812 0 37660 33672 1844 5452 37788 3956 12060 3396 6520 5856 9068 27032 22912 25328 25728 26032 32276 3380 29704 21724 6400 34936 25216 33448 22956 3176 12384 12632 23344 6316 28440 26432 18372 23572 25244 22824 1212 37332 27468 38992 36904 38280 25824 4952 7880 30420 29684 24204 24808 2880 33512 23360 2184 5304 21456 32584 28012 33800 24456 8700 6968 4240 14308 2936 26408 19816 28976 5028 24624 29752 13600 5720 30656 26012 31508 29416 15148 14872 29688 18912 1480 10284 33008 24076 16684 25852 11612 36356 31448 12316 35880 20952 8572 17428 23252 28620 29300 15068 31396 38840 36884 20528 22004 36372 26716 38756 29628 32984 2484 2524 39956 36232 27632 27336 11852 17208 31576 39960 7560 19116 24 7492 5480 38504 28740 3784 19804 1116 10208 128 1488 4152 12480 37092 4868 6860 19648 4336 34324 1328 33288 25344 35328 25348 24240 13888 24336 29212 34160 19120 1796 18340 16112 26216 22708 23596 
9960 31720 13888 27792 10988 2796 30564 16508 32564 29812 6352 17872 15304 29020 10404 13168 20572 4052 29188 26312 21588 20824 4072 37660 0 13680 9344 9108 21188 7916 3920 18848 13992 11532 15008 15000 16220 39644 28708 30348 13256 36568 3428 31264 18588 7900 7924 35380 39676 17360 2964 7432 14628 37716 13504 27632 31592 15216 8256 36948 32708 36836 13480 33712 14508 19768 37960 5832 26620 32516 35944 13096 696 6980 24988 3856 11396 10836 5552 528 21308 19724 19232 18224 11704 18468 12496 10952 10984 30812 22804 29724 22692 6996 13988 26932 24968 28552 17764 31420 23340 19708 8256 28572 28700 4780 26376 9820 2336 888 1012 25940 19944 5428 3804 8532 36424 27616 4452 13992 3392 3548 3392 34456 21264 4060 28736 9988 17768 34876 14356 6448 14800 18284 25960 13416 15444 35872 32048 26488 33108 1536 26656 8416 34544 24272 680 13356 18760 10040 28768 8704 23556 22124 28552 18804 21688 9312 39144 24984 38440 1348 35796 26224 32536 936 27512 34884 12240 11768 34608 31832 28524 11868 32968 35368 17192 11680 1980 8316 
37732 19408 28280 9352 5220 12476 15696 31332 21212 15748 9792 22080 1112 23508 14076 13448 36076 38868 1312 12488 34080 32788 15548 33672 13680 0 31808 26244 22956 17652 19336 876 24936 31036 20336 19660 24760 24648 5620 16204 38268 6680 11208 15976 9492 10864 3508 29616 34764 4432 36536 6612 8556 24836 33100 28704 27952 29656 11804 12356 22652 34044 31732 39760 7328 60 16728 7636 3256 32340 31088 13312 6084 4372 28612 27344 26600 29872 26808 12180 1364 3508 28212 16116 20156 5492 20604 22016 6976 14248 38092 20128 1628 21696 34856 24352 38632 15400 13484 1404 30424 22036 19740 12156 31688 16488 25652 34612 31660 31032 12816 27856 31380 8900 17740 6344 12624 36624 31160 23920 15544 39584 13148 16936 31764 35060 15948 25868 29876 7208 16368 4748 188 38336 29596 37848 35632 20828 6372 32964 35632 4116 25336 10664 29896 1068 22448 38900 8944 8152 29352 32336 38288 3788 22572 5784 3084 19208 15376 21128 20216 26260 34260 37072 4596 36476 31804 1124 6608 15832 37932 13216 27584 29504 21296 244 30132 1104 22776 31000 
8072 12544 4032 2940 14380 21668 29288 14704 37408 4552 33732 18220 30684 2908 28880 35064 26712 22004 5552 32676 9748 8504 15028 1844 9344 31808 0 30228 620 12896 10816 7948 25604 15088 25304 23724 9840 6632 12596 16936 3956 39164 13412 13812 2308 30640 18352 1424 20548 10624 1812 14728 38212 10752 21868 33436 30716 2292 35496 15704 5188 12624 8532 5408 4400 2556 29744 19948 13276 16332 28352 35440 32324 6216 24428 36136 32312 23496 11512 25024 34672 37856 20816 22380 11868 16880 6428 9272 32252 27692 856 22732 3656 12492 288 19656 20172 19940 8984 16148 6468 4216 2096 19256 4012 33668 16408 37992 13596 900 28220 30460 38500 16168 7916 14004 22736 35984 30444 15228 28668 8796 11180 26796 8432 29592 6512 27828 13540 5348 28524 14836 16988 23148 13168 40 12304 22908 31252 23920 23880 26500 1716 38920 32968 25224 16432 11168 33704 37496 36056 37032 3556 18548 6184 1504 22564 34128 13244 35160 25748 40000 29496 36652 3032 19124 6516 17572 31092 38440 6504 36592 11528 37060 30856 19724 39636 7812 15300 13576 
1544 22864 10964 32140 3320 4060 37896 9652 26224 19388 21248 27008 15396 13720 33532 38676 12132 7028 8760 17748 14468 16964 3600 5452 9108 26244 30228 0 18280 3964 31036 28520 21128 13016 21220 38592 39720 29440 12164 35040 38672 28252 28652 360 13424 31260 32724 39756 34908 27896 15320 36808 35512 2484 20132 10300 20684 9848 9088 39056 600 11072 8776 31664 26224 31396 27260 27916 4188 11984 572 8956 14800 17576 38368 2852 27612 31792 8000 2628 38904 22028 26480 23484 25444 5796 39656 36212 38924 20364 37984 3564 15428 27624 28296 16548 4312 36004 10896 17460 10888 11348 21396 6532 17256 38576 26648 39144 35672 6092 34172 10336 18852 14728 24396 33672 21548 3136 5160 31144 17784 11524 17808 1172 28144 35544 14240 1400 21476 32292 14352 13332 25360 10236 3176 25528 9784 24972 37124 2368 38300 32644 38700 15164 31160 2992 9104 22536 14680 23788 38016 36916 21320 18620 19992 24084 14764 29888 36872 12560 24428 28820 15476 19764 3776 24492 100 11808 16752 13620 29040 3796 6820 3072 14660 17520 12848 26960 36264 23376 
9964 3784 22600 16252 39148 30936 19260 3892 34476 13256 38212 23908 4152 1580 21740 36644 3472 9056 24376 2124 1364 30428 35916 37788 21188 22956 620 18280 0 26320 10136 25204 3456 14220 20064 31612 2624 1920 18832 32088 4492 512 37288 7740 39116 12920 23072 31956 19372 3160 24492 37280 12816 3180 22116 20764 25928 21568 9884 17156 27608 28576 17712 19336 28828 21792 17392 35352 5252 26876 23688 1408 19792 17692 32516 236 31868 30212 8056 4176 10348 34624 20692 12348 16944 19956 7640 21340 17048 35600 38148 38688 24788 24168 15160 38652 39216 9964 35268 9528 38536 17520 38876 11976 29176 24552 32444 17692 36636 23696 14660 27804 14980 37392 28444 20368 21816 20340 10632 6340 15660 33844 1260 3400 2576 6460 4256 27016 28940 5292 1480 8080 7188 32352 31956 36556 11488 10312 18144 20452 10148 32036 31220 19524 11648 38332 17096 3096 11196 18160 15212 31352 14664 35824 31848 29448 26776 39424 19892 13912 20428 14964 26944 576 34024 20520 23600 33548 33696 4804 13812 24484 27264 4528 39188 21624 6848 4940 19128 17908 
7912 15528 16408 36236 1320 33652 3364 27700 32104 19212 31812 5956 8696 3776 36828 7656 6660 24488 38264 20748 19464 12620 2544 3956 7916 17652 12896 3964 26320 0 26980 37864 18624 17576 15096 21696 25672 10620 1304 17672 10092 34452 24244 26788 5692 32208 20004 21776 7616 26968 10892 38496 6764 21392 968 1088 13156 2040 35204 5336 10136 37808 9176 34520 31228 31848 26112 12232 1612 16316 28208 26428 36008 9376 39076 9192 14896 23784 4204 6512 30932 26456 26296 22476 27444 18392 2364 32256 836 14312 39464 8264 28852 31424 35928 13836 36520 6624 24988 28836 21676 11580 7656 21548 31904 25044 11732 31236 34832 11752 3824 35736 33604 27284 11244 28456 29424 38332 20688 19200 3056 37624 30504 3096 17120 3008 3496 32124 31116 19980 37132 13532 30996 17064 37948 29512 5188 13448 37152 22604 28924 28172 14192 21080 8808 10344 25212 8780 9400 39684 3304 33708 13776 16768 7320 39824 19916 32440 26276 36344 24756 15624 16072 28972 17832 29060 15504 27424 36372 32192 38400 13600 23704 20736 8760 4812 2848 22160 15792 36408 
19888 2552 7228 27444 14316 27468 8492 35572 29284 32952 32700 37608 18860 28604 18540 26392 11412 2292 6196 15796 33412 3080 20052 12060 3920 19336 10816 31036 10136 26980 0 7184 36544 15684 18204 20088 22172 37040 29072 25348 35220 36780 24060 304 2892 3464 18432 13556 19468 34868 23012 39112 24520 6656 15160 28840 12764 19104 39812 35152 14868 18696 24928 25728 18636 1448 25728 2196 9888 14912 22084 4632 2476 25644 3472 33752 16736 9092 5816 12684 15828 28712 14636 172 19292 1232 18840 37116 23188 14928 29596 18276 6240 37768 8556 31100 31304 22324 19944 13440 21588 24304 10728 32124 964 1636 33408 14220 37732 10856 15652 12844 21296 7832 31268 19460 10996 29572 36824 24444 26580 24064 8292 37896 39668 4980 22132 32488 15520 18168 35144 20272 24572 16724 7504 5300 13056 31644 23308 3944 32096 34788 33084 14796 14660 21148 12520 29988 39744 7228 21920 29864 33132 12452 20668 32820 24172 20424 21120 2220 7884 6964 16248 22284 31768 11796 5524 4760 16764 688 13256 38296 31656 35044 3892 22416 30328 35704 8612 37912 
15872 32132 37940 20856 14836 20796 38032 18280 6384 35840 16852 1540 35316 8960 29220 37760 11348 15300 5920 2004 17432 8748 34992 3396 18848 876 7948 28520 25204 37864 7184 0 31272 37896 27556 35540 8652 4180 2108 34972 14400 32316 1604 35736 20612 4828 18800 12184 21720 17260 18540 14224 25708 11900 13940 5760 13864 13904 34480 2720 38332 16676 20408 2500 36940 13380 7796 6764 34584 1444 18624 9404 10612 36996 300 31604 1556 25984 8960 15808 18608 28996 920 552 9148 26548 6688 7960 21804 21776 31872 5828 24336 7360 39384 36148 33744 13616 17316 11940 27996 24576 26844 14304 38704 38936 14548 11520 34188 2796 23524 12116 12228 31004 7660 33712 11952 24024 23452 39632 4180 37184 23720 5008 29616 9172 7644 4380 4288 26672 11428 22608 21572 32024 34036 964 30196 10728 2312 304 17600 25744 9912 13188 38008 35404 34380 6808 34632 1840 26796 28644 15328 6788 38300 16632 31088 21660 17916 5844 16816 28732 6064 33440 3636 368 18088 13824 22236 13088 2184 25900 26516 23440 26160 24236 16996 2448 17324 36068 
10696 7056 23724 9500 9196 13756 39624 34292 27808 2852 1888 12596 17808 16420 16812 29624 22292 14004 32336 24128 3932 33048 24452 6520 13992 24936 25604 21128 3456 18624 36544 31272 0 33316 15636 29928 35988 15196 5368 24512 20216 21284 2492 33556 12316 25184 24104 37784 22212 38124 4308 7504 30432 37584 34864 13372 39380 31280 2612 936 3600 35864 512 33364 20836 39748 19176 16664 15776 29372 35828 11884 38384 8364 27472 8544 28688 28880 5232 3764 29848 24600 16672 1420 1464 4640 33016 35716 34932 17868 8124 13536 22736 26920 6088 19988 3596 1316 24352 21456 15252 29060 29196 30568 16900 16108 10512 7484 12984 33020 32668 21820 376 18256 28412 9604 10728 37420 12644 29680 9876 27876 2960 13876 26232 8080 23808 15328 9940 21016 21176 9372 14788 11092 4632 31340 24640 3932 23664 5608 36352 8340 35104 30376 20968 29908 8604 12436 35152 35564 26960 36356 4664 38524 28220 22496 31792 2900 6416 38120 8596 37476 17788 36120 7864 37924 29416 5596 13616 26868 17096 8764 3064 11204 9352 28496 1904 25996 24452 924 
21712 188 9360 4368 108 5564 18704 5540 4200 19480 7656 9928 1588 35244 33492 6732 35392 14700 11148 21648 33448 30064 24496 5856 11532 31036 15088 13016 14220 17576 15684 37896 33316 0 24788 4348 17308 17456 22860 2660 3148 10560 10256 552 14788 7736 31420 24956 452 8016 1104 37632 18948 25372 18952 35572 19104 13440 10516 23596 20348 35860 36604 8584 1284 16712 22816 14664 13160 15320 31156 8752 5092 19868 5580 35836 17920 24172 13380 33328 13564 2008 14248 3928 16764 3312 38916 36328 16112 6732 29236 33128 1152 12776 1604 15364 2548 32056 5540 3024 12104 32908 39376 904 29544 2832 14852 29176 12940 8052 32584 28096 39628 25672 160 36144 34520 12700 34880 11052 32660 6376 22868 33040 32952 20176 36564 39648 29824 29840 2392 11576 19860 33812 20460 18828 30112 22492 28284 26624 25096 20616 30252 10384 39292 17204 4836 19228 11988 7428 11352 37272 11424 20720 28180 22192 25056 19620 24276 30384 22816 3576 15916 28092 10272 22248 30480 37880 38520 12520 29204 39852 27764 23732 10736 16956 31320 5432 7384 23768 
2816 5948 28832 5348 2076 26864 8344 21480 30832 33672 5216 2324 18132 32388 39672 24472 12704 38028 7596 11268 21400 1500 12968 9068 15008 20336 25304 21220 20064 15096 18204 27556 15636 24788 0 17080 22028 15968 8144 13200 8752 35076 5072 34908 33288 30652 12132 19348 37404 21800 25960 5304 3052 8632 9028 4640 17204 34080 6164 22436 39900 1512 180 12596 29796 52 25968 5824 11648 19484 32464 16904 72 26576 31792 28060 23988 24728 5084 35376 26080 8844 4200 35048 21684 17236 18868 36444 31464 12492 28480 38744 32240 13180 28060 38140 20380 28204 27660 22380 12068 35784 34628 39584 14908 18828 38092 38208 15152 38672 25052 24972 34988 18976 27460 17728 4240 1728 9620 44 840 7152 15352 14432 24496 39464 4228 21088 37872 30332 16300 39020 19688 1868 34680 16416 24116 21104 5332 7156 10840 7764 3480 340 20144 27252 26000 39684 37428 30688 19132 39676 21500 13892 956 35376 21036 17220 27936 12708 33600 38052 4968 36156 31532 17872 28276 688 29176 35800 500 24844 35732 10424 27436 31808 28184 21852 35720 35384 
16336 2292 31600 35456 17988 10688 30980 28632 8792 5956 35352 108 24132 604 20020 848 28472 23832 15372 16760 29196 4296 9576 27032 15000 19660 23724 38592 31612 21696 20088 35540 29928 4348 17080 0 8592 15804 20880 17696 20236 21676 25088 15576 6860 26420 34056 2388 9512 16104 32372 2316 5256 27052 26696 3828 22192 18440 16204 9336 15140 28188 19604 7832 36364 4076 38140 27416 5696 31892 3956 34588 34464 12584 13180 17152 27584 10164 33100 37644 18180 22356 2840 14156 19132 15792 16856 35376 25892 37672 10688 26812 14992 25720 18304 34980 32572 28352 396 6504 37324 36908 13080 28960 12224 1832 16272 10356 29452 14680 31192 24116 2804 7796 6328 36452 32064 13596 1284 23004 13632 35268 27812 11588 1848 30808 17472 37960 15320 2236 35264 11488 32692 31912 28604 17548 12192 37752 11048 33564 19340 29316 30080 5564 37208 16544 38420 2116 3576 13096 38144 12512 29392 26124 37064 6100 2888 14360 6680 39600 33740 6408 1132 9340 1636 21100 6496 15208 3648 1804 19804 33272 24736 26548 27152 3880 5840 25840 320 12172 
23220 27632 27036 22216 23052 36280 22380 36668 19840 14312 1492 14120 16240 21196 36732 24388 13544 38556 39932 17972 29468 25396 38272 22912 16220 24760 9840 39720 2624 25672 22172 8652 35988 17308 22028 8592 0 13824 10052 1220 7820 27776 18268 13552 908 25924 10420 11112 848 27596 14668 22020 15144 34628 11792 38356 34920 26516 8572 30460 24104 13768 1976 15400 19080 3768 26048 18864 15780 23580 3344 19920 10968 34016 12840 18020 14700 19384 36152 11588 20788 27272 13948 7576 12124 22748 14432 31400 7800 31336 5764 36576 8808 15172 14328 23460 29308 16696 20664 6500 10220 34244 34976 39272 22132 23960 4116 36824 14288 32328 11840 24544 16612 33784 4300 13064 31624 17716 2592 28480 23076 39276 14220 37316 18260 38328 25456 35584 30816 944 26300 21312 896 7848 30084 19948 39608 4092 19492 21956 34608 14436 896 22052 3656 18760 38908 39380 33108 31868 32960 8068 8104 22128 7900 37488 31464 33220 20332 31648 38008 3464 32696 27008 1336 27040 36924 18220 19816 11520 39492 11024 18720 16024 9864 11796 15372 4464 24064 33040 
556 11336 35100 18164 1768 26368 30772 23100 17696 2404 18464 9536 5408 6516 24044 16596 21248 9932 31240 16644 32816 11356 12632 25328 39644 24648 6632 29440 1920 10620 37040 4180 15196 17456 15968 15804 13824 0 24168 38172 5364 4256 8376 22308 33884 7516 15532 10480 7056 27152 3388 1824 2724 12920 33200 15100 26872 26004 37300 33964 37764 7268 17812 28012 28404 37092 23332 23784 39208 6188 20528 10208 22740 26768 27492 32860 12388 3444 5724 1344 16856 33228 17600 24228 32372 34000 6264 15920 14444 10832 4736 9788 21080 19552 31196 21968 29300 16888 17236 224 16888 36596 6024 2196 31164 20952 27192 37448 16740 6952 25408 17684 24080 16628 29412 29496 30756 10828 38432 34036 17268 35864 32912 27964 29336 22360 6308 30072 8472 25740 4920 27928 22784 27652 12624 28976 19824 27776 7332 10368 33404 5340 6088 12000 26208 19732 5704 27076 116 9616 15740 34596 16100 19884 30756 8104 15556 35804 38708 25128 24956 13844 12332 11656 15700 28380 428 26012 21048 23844 5892 36532 1968 31528 27384 37404 3836 540 11500 37044 
4576 19684 14348 3752 21452 25624 1408 792 11928 22448 29636 23056 35264 38948 14004 31528 37676 32024 812 2284 7056 18380 21300 25728 28708 5620 12596 12164 18832 1304 29072 2108 5368 22860 8144 20880 10052 24168 0 35820 2196 32340 23376 34820 17300 25312 20428 5888 5624 12084 568 912 7012 3548 26788 7564 33420 17648 9388 30272 1368 18984 31484 15136 4072 37044 7648 692 32680 9936 10092 6356 26016 30516 6776 20440 18148 1748 5800 19600 3184 38248 10456 1628 26684 768 39336 23432 23040 624 35820 6068 8204 840 21392 38744 7140 10944 17100 3624 25404 22280 27552 33348 24160 664 31828 3088 28084 23364 15696 29096 25464 17136 9472 35524 9932 4328 25940 21480 3140 13832 2648 30132 27816 23820 23048 31756 10536 33084 20756 22612 3592 7912 21364 11528 5340 21324 26176 16024 28396 31580 12216 39892 35084 36808 12924 14132 9440 32668 13856 13012 5228 9860 7836 27280 19304 38404 3868 26252 29688 15588 34236 10756 27748 24360 14104 8772 3880 19148 38100 15624 15992 5940 28096 10640 276 13456 16740 32112 
