160
8417 472 9301 2589 9157 7100 7271 7521 3853 3952 4345 6786 8834 7983 9394 2744 3377 481 807 4586 7208 6399 2537 5468 535 6443 3877 8247 7113 4228 4670 8413 3282 3386 179 5319 8473 1937 2335 5286 5130 3781 6579 2692 8523 9659 6018 7635 9431 2410 7118 1258 5144 3889 3643 2333 6774 3374 8072 1207 3329 9810 2197 9680 5518 2736 1137 7944 4773 9240 7472 2136 5436 6777 4732 8634 590 4208 1939 3672 4503 5886 3440 9367 7150 6153 742 9758 8788 4072 5561 2952 5044 750 5820 7962 5490 4096 8797 7337 1175 8352 8154 9182 9083 8240 4062 4649 3974 76 8138 9505 599 4688 7415 864 1736 9490 4071 2682 28 9540 117 6099 4089 9946 8785 3236 1844 4448 6817 5529 6580 7526 4386 195 3661 9879 1858 933 8395 9615 5126 1442 8006 4000 3714 2859 3192 9103 8401 8702 7225 7191 7545 3419 3073 4206 3869 3140 
76 109 295 486 284 196 36 80 3 491 372 392 218 455 148 173 265 21 202 381 80 456 152 404 20 42 285 393 270 212 170 149 485 355 186 111 446 180 309 124 120 128 108 294 157 433 59 357 466 97 357 128 140 126 90 185 142 36 220 123 261 234 458 283 495 19 254 27 127 76 219 228 406 452 470 284 341 119 446 90 259 397 438 13 421 62 153 58 56 172 279 25 375 201 129 92 193 231 86 368 429 79 174 112 399 329 229 405 411 413 240 218 317 463 84 423 295 306 485 432 254 103 158 268 399 235 227 486 83 194 123 23 242 327 305 129 296 446 256 206 48 408 350 470 222 405 289 1 420 345 459 353 395 300 156 30 159 154 274 264 
0 82 177 158 141 246 404 473 264 463 312 27 241 474 394 161 458 474 405 394 151 247 110 170 497 299 56 171 496 20 469 267 102 19 21 335 129 408 342 263 134 428 252 115 77 448 355 34 178 487 213 93 33 13 479 445 172 450 483 205 361 385 387 182 64 141 139 148 149 487 114 488 491 382 416 199 286 269 473 307 7 85 152 435 63 245 274 334 323 498 16 361 323 198 313 470 92 105 12 444 125 29 140 188 219 181 271 56 446 273 121 295 206 11 113 314 419 259 264 114 23 257 406 342 94 440 343 59 14 485 193 423 235 370 288 128 334 346 106 66 147 337 371 289 419 420 59 482 34 160 162 290 481 203 228 455 389 134 270 354 
82 0 40 267 303 133 417 134 367 300 486 62 29 212 483 378 490 58 172 379 23 38 98 343 127 92 37 478 376 108 434 339 85 235 262 353 37 477 367 235 134 424 456 175 470 77 59 350 437 344 374 374 107 436 62 491 262 477 166 387 64 308 459 154 470 60 157 58 156 207 37 376 290 445 160 200 179 344 485 246 371 369 316 300 485 478 131 76 117 130 472 399 326 168 206 218 306 163 82 112 494 429 138 48 483 35 145 311 225 301 381 101 142 331 175 469 400 321 272 360 186 460 197 148 18 398 423 209 166 356 278 156 455 98 139 34 304 93 92 351 497 336 373 485 299 404 6 106 166 471 206 393 410 105 211 432 315 312 365 342 
177 40 0 321 424 371 249 13 22 267 402 292 244 315 322 207 437 96 10 84 238 252 351 168 288 414 14 173 427 19 212 212 326 296 374 236 133 365 362 213 361 5 12 428 339 259 395 386 196 193 325 435 460 234 257 360 480 134 353 305 18 260 114 25 457 487 99 71 222 152 380 168 125 96 12 142 457 4 402 383 306 314 121 484 174 158 291 266 110 362 326 84 193 203 427 391 322 218 350 183 409 3 104 65 178 41 339 306 403 262 338 371 60 118 124 62 460 115 335 483 92 352 142 229 496 252 106 265 142 276 1 122 387 73 246 158 232 95 219 239 208 376 366 342 354 269 104 191 375 74 185 175 189 116 294 408 196 442 268 425 
158 267 321 0 238 455 463 136 326 401 434 274 355 276 169 207 131 326 311 106 186 442 364 90 453 391 50 78 19 423 69 231 290 444 195 467 34 58 187 166 373 407 209 307 462 356 491 417 155 220 160 297 154 319 253 175 203 303 53 498 49 300 40 257 1 57 333 310 53 396 164 348 151 396 29 225 323 367 280 24 492 303 67 367 459 88 152 54 112 430 234 313 99 33 70 487 277 218 292 191 422 287 421 17 260 52 261 63 58 98 417 130 80 449 350 88 402 448 487 34 143 275 43 467 340 164 312 370 295 493 346 167 368 57 27 198 276 447 191 429 138 96 76 278 83 169 489 55 388 103 220 114 236 223 346 479 294 494 206 297 
141 303 424 238 0 458 83 434 118 222 40 90 117 253 32 16 499 388 164 216 460 391 102 129 180 421 265 352 491 306 43 424 436 336 82 482 108 394 320 158 242 414 78 254 190 219 141 348 23 482 366 86 112 122 24 81 198 107 156 424 54 247 387 470 496 192 244 160 87 460 169 283 57 475 20 207 31 180 493 214 316 447 22 227 114 120 342 316 162 156 5 16 392 428 288 93 385 438 54 48 461 237 231 241 404 41 224 171 451 120 187 53 267 160 210 464 295 456 96 473 447 376 46 246 285 195 163 314 404 4 344 243 406 34 236 125 442 347 55 411 452 497 209 219 336 352 265 417 424 426 458 353 248 179 25 274 210 370 312 71 
246 133 371 455 458 0 420 171 204 132 40 386 48 195 150 229 385 228 234 248 422 481 49 104 282 489 221 55 235 421 79 79 193 294 339 252 418 212 372 69 482 390 430 56 164 373 329 127 96 465 194 284 77 21 7 349 112 377 346 91 364 308 277 188 310 45 41 117 46 3 269 184 282 482 84 32 214 245 100 81 77 1 420 494 306 436 379 370 365 65 409 13 416 306 497 225 143 300 379 217 144 122 191 349 469 161 459 28 461 62 403 232 223 256 198 244 122 235 405 304 406 325 462 23 97 373 214 5 468 374 109 280 43 162 288 252 162 471 455 487 300 238 500 324 438 190 10 375 423 344 394 139 362 219 3 51 242 132 226 448 
404 417 249 463 83 420 0 68 120 187 13 457 128 280 431 242 242 419 77 260 354 472 202 136 299 31 207 490 101 227 213 116 100 477 254 322 368 149 75 234 430 260 96 483 442 458 276 344 95 141 192 1 150 220 312 236 121 133 35 485 259 355 217 306 107 273 15 439 31 419 8 265 236 173 189 100 438 181 28 364 441 359 454 317 36 468 202 165 232 383 129 455 484 298 193 333 170 225 442 327 234 295 471 467 8 466 425 170 365 382 280 453 479 255 210 136 80 257 22 359 246 43 238 327 357 148 35 352 7 112 374 356 256 353 289 154 255 373 417 439 386 62 477 21 195 456 35 16 19 450 23 261 317 71 88 414 373 66 489 278 
473 134 13 136 434 171 68 0 126 160 371 26 40 492 389 150 27 325 253 33 77 292 414 237 368 34 230 150 251 230 58 323 139 118 379 410 440 284 150 281 322 40 223 471 190 430 300 283 410 446 497 465 430 214 240 26 63 9 322 363 340 100 80 3 443 34 289 391 382 104 468 292 183 366 447 458 478 205 152 392 31 58 190 127 349 41 453 72 136 342 65 114 13 385 147 267 1 362 474 318 436 399 242 498 82 199 284 385 337 176 176 322 56 177 351 295 153 56 405 316 231 444 441 491 161 228 415 92 123 340 63 34 253 112 125 345 184 47 203 285 366 22 205 427 190 14 473 129 76 110 297 456 281 167 156 221 340 93 143 458 
264 367 22 326 118 204 120 126 0 158 403 164 263 397 255 119 35 441 361 400 323 327 243 175 68 177 475 28 171 265 129 184 451 8 310 144 158 268 265 192 357 495 179 362 115 348 413 78 29 94 37 297 297 147 158 122 114 299 163 463 346 280 105 471 15 424 120 66 291 331 349 24 285 60 494 217 80 500 238 210 47 176 417 43 137 416 408 183 442 378 375 201 461 98 102 415 121 329 284 307 244 74 270 202 250 322 367 267 32 159 456 71 63 6 291 13 407 389 453 98 437 276 103 144 206 107 254 124 498 314 440 483 271 209 275 392 264 284 13 26 229 47 360 72 314 192 389 308 302 485 73 208 491 393 36 169 154 111 266 60 
463 300 267 401 222 132 187 160 158 0 136 256 166 433 258 114 427 361 349 493 344 483 309 300 315 473 291 134 390 256 153 285 370 455 5 167 57 129 262 328 413 32 279 322 489 222 228 326 115 476 34 30 465 107 295 467 256 387 243 19 419 414 421 38 265 384 386 77 244 355 369 388 40 206 433 471 381 146 333 49 43 208 356 20 177 340 93 11 188 277 179 322 43 61 200 153 500 141 51 140 372 153 195 339 62 95 358 448 256 222 359 153 240 129 361 124 478 102 490 310 187 459 364 308 276 207 218 206 136 472 424 413 408 306 346 138 466 66 75 287 478 199 225 168 52 411 100 43 57 290 157 156 399 102 322 34 79 85 335 436 
312 486 402 434 40 40 13 371 403 136 0 56 226 435 490 19 76 309 160 306 337 360 312 354 47 482 291 146 329 134 16 304 278 148 254 40 222 334 340 355 157 45 245 462 354 25 7 63 198 453 193 210 477 248 137 134 468 316 381 11 258 32 323 300 416 399 225 397 191 438 362 456 110 473 201 378 408 141 137 95 385 32 438 375 408 33 163 19 386 44 463 453 178 369 282 323 28 230 102 327 230 432 19 175 360 378 34 146 42 237 92 367 327 181 12 67 402 265 82 149 454 115 225 103 167 230 250 346 420 343 333 256 413 370 22 255 45 152 141 430 9 276 125 324 191 419 444 124 84 253 373 115 52 113 20 408 405 207 123 38 
27 62 292 274 90 386 457 26 164 256 56 0 369 322 280 183 165 65 372 380 35 318 80 214 167 230 25 107 118 147 178 453 428 63 306 448 285 253 362 137 176 398 336 261 132 136 220 174 262 86 357 182 422 35 74 302 475 76 123 53 229 149 73 32 263 19 440 129 485 384 434 380 363 411 364 77 442 134 341 369 333 263 54 238 28 92 12 318 491 301 287 192 118 92 401 410 268 203 121 82 211 488 78 46 452 362 220 237 8 50 250 476 357 180 331 70 399 411 444 207 378 399 426 252 360 27 348 205 472 455 486 175 249 178 305 366 30 373 456 193 15 1 463 273 165 182 344 145 309 49 86 235 398 372 486 156 1 384 14 106 
241 29 244 355 117 48 128 40 263 166 226 369 0 258 373 461 224 109 201 285 389 286 75 164 89 126 485 413 109 440 370 37 375 258 194 317 486 415 229 453 20 69 481 413 373 360 312 259 490 32 438 357 485 9 107 475 266 480 384 447 404 217 103 145 118 473 167 182 366 395 488 353 158 66 14 474 335 362 385 386 177 481 402 20 347 92 116 58 259 192 463 324 147 382 499 191 178 407 422 387 102 407 174 249 79 469 65 40 391 201 463 132 437 149 236 439 484 28 254 121 298 353 368 220 399 171 432 486 302 241 46 306 240 119 321 245 485 235 98 366 12 166 175 80 365 453 220 443 229 412 186 413 311 34 131 223 290 174 35 133 
474 212 315 276 253 195 280 492 397 433 435 322 258 0 185 380 259 472 145 302 470 483 275 295 460 124 238 396 407 102 4 38 265 25 233 440 79 221 419 278 164 336 20 333 199 22 466 457 413 87 6 328 169 145 44 57 379 399 181 383 305 355 339 275 415 342 468 410 113 369 438 108 264 474 361 437 73 331 229 333 493 15 330 171 474 450 82 407 469 188 20 470 271 291 303 263 346 215 228 223 472 224 380 21 107 470 153 133 61 30 4 92 118 283 444 406 451 158 372 205 223 404 9 351 464 145 273 326 368 129 123 378 350 189 454 493 258 68 309 414 329 376 266 49 39 83 495 211 171 68 96 291 21 376 467 72 302 447 72 15 
394 483 322 169 32 150 431 389 255 258 490 280 373 185 0 424 233 89 480 447 207 62 474 158 426 309 128 297 415 435 242 138 272 453 363 214 18 128 478 122 343 288 31 462 11 469 106 87 340 377 231 474 260 301 393 137 118 207 473 147 483 377 436 433 369 105 243 169 383 39 58 170 460 434 478 376 443 175 105 67 427 61 439 146 370 466 154 402 131 124 499 314 205 403 125 74 60 61 333 130 81 95 299 192 296 437 12 237 137 351 242 204 136 37 9 188 96 45 139 48 365 254 108 496 495 270 28 341 192 250 215 202 64 259 445 96 335 400 87 492 276 99 474 472 272 17 453 333 39 222 204 50 136 359 52 143 55 178 88 151 
161 378 207 207 16 229 242 150 119 114 19 183 461 380 424 0 277 421 75 495 328 185 216 175 474 497 5 350 333 469 485 476 304 36 379 320 336 377 184 265 173 274 437 468 377 275 480 51 493 143 198 129 405 227 311 104 23 471 424 275 69 456 185 457 367 450 500 398 164 83 390 436 120 401 219 439 243 152 101 221 180 308 473 231 368 431 403 439 209 136 349 489 34 500 212 286 257 434 129 323 241 112 109 186 33 216 205 282 221 349 77 476 341 125 390 435 326 41 143 121 170 376 139 473 69 485 428 468 436 482 183 357 322 428 105 22 384 261 55 483 172 346 259 260 147 125 38 383 431 494 158 474 461 146 5 466 301 242 424 141 
458 490 437 131 499 385 242 27 35 427 76 165 224 259 233 277 0 30 412 177 273 201 192 118 333 58 153 280 282 244 73 226 154 430 159 111 227 371 424 51 202 47 471 8 463 149 48 16 74 328 359 230 350 213 260 365 393 355 75 242 180 373 403 282 369 185 398 402 124 375 158 404 397 312 446 61 217 319 123 247 172 285 279 62 375 229 182 40 355 489 284 156 435 286 155 459 250 75 335 308 240 210 221 272 28 49 236 429 242 307 133 388 471 17 450 495 142 162 206 313 259 87 105 86 62 498 93 16 274 425 280 326 249 182 332 190 450 471 77 229 306 397 191 434 139 308 468 451 454 463 274 331 24 190 433 451 335 313 425 435 
474 58 96 326 388 228 419 325 441 361 309 65 109 472 89 421 30 0 52 222 366 54 333 137 406 166 400 199 275 428 436 164 353 108 478 103 252 455 122 121 22 216 456 255 236 18 285 326 308 430 327 120 47 194 181 458 52 188 499 271 206 347 418 471 122 360 423 12 38 133 464 165 283 69 239 152 49 408 200 418 341 436 474 436 94 46 490 71 75 219 250 140 318 155 294 470 446 366 40 310 385 213 307 164 84 466 444 163 480 94 128 261 69 119 2 152 101 14 465 436 477 199 38 172 128 377 365 101 217 27 30 433 171 24 483 225 150 460 22 488 205 398 373 316 484 370 53 412 481 104 319 57 452 42 131 146 221 385 191 95 
405 172 10 311 164 234 77 253 361 349 160 372 201 145 480 75 412 52 0 274 474 227 485 95 497 335 493 398 80 309 238 472 495 498 332 20 305 402 27 469 422 272 473 391 143 181 256 258 406 86 471 400 62 95 233 175 165 213 155 441 333 21 439 100 412 323 349 59 269 455 468 118 176 54 264 382 371 222 111 464 17 125 38 325 373 233 105 252 161 474 434 90 200 261 31 476 27 426 193 429 332 252 373 302 176 400 49 205 71 171 233 139 147 141 393 223 216 373 197 484 221 482 93 348 142 10 369 58 71 143 483 400 292 466 45 218 333 55 487 338 66 327 57 151 77 223 421 213 126 379 268 352 182 111 436 414 93 135 221 375 
394 379 84 106 216 248 260 33 400 493 306 380 285 302 447 495 177 222 274 0 123 67 123 190 171 403 448 379 160 270 274 453 156 374 435 439 438 218 300 360 365 247 239 155 482 242 304 185 467 385 268 27 116 50 309 462 220 2 212 121 272 305 145 417 114 377 130 13 214 233 492 174 421 109 197 15 163 264 76 249 152 393 108 183 336 202 25 324 416 332 131 100 385 427 377 294 195 283 321 451 240 129 253 111 11 225 394 373 365 72 174 394 13 171 251 82 419 389 43 327 462 99 162 291 316 413 283 342 125 424 100 404 203 29 124 72 74 493 243 488 332 71 55 99 392 119 122 34 350 237 428 472 288 140 427 492 484 44 217 14 
151 23 238 186 460 422 354 77 323 344 337 35 389 470 207 328 273 366 474 123 0 112 13 474 91 141 311 437 403 280 439 324 444 410 173 217 41 109 15 58 420 471 128 28 202 51 423 212 318 410 112 70 459 335 148 364 304 444 112 313 394 23 226 379 141 43 298 198 91 458 23 313 190 470 202 486 406 132 52 467 207 217 416 275 22 455 307 104 403 354 325 162 284 424 146 316 301 282 374 72 316 210 190 53 366 391 359 229 418 143 261 306 416 127 263 300 241 105 354 443 319 463 105 183 254 331 127 205 469 274 335 455 479 115 443 359 38 127 254 477 18 419 420 7 22 467 466 157 352 398 32 43 54 215 360 364 431 319 229 281 
247 38 252 442 391 481 472 292 327 483 360 318 286 483 62 185 201 54 227 67 112 0 4 271 126 1 37 396 94 226 369 424 302 238 431 22 28 11 424 164 348 394 285 421 470 482 178 408 258 481 388 189 143 443 92 127 197 403 142 255 337 63 89 378 173 307 328 243 220 426 340 245 239 97 165 239 178 250 335 188 226 101 144 467 194 256 236 295 8 393 142 370 249 192 1 437 299 270 323 96 261 21 307 341 477 395 313 393 50 253 237 55 447 80 161 409 341 445 258 330 25 242 82 396 291 351 478 402 365 3 479 325 52 230 186 184 407 451 245 402 363 309 166 360 361 60 348 495 175 402 303 392 223 260 200 464 305 191 463 425 
110 98 351 364 102 49 202 414 243 309 312 80 75 275 474 216 192 333 485 123 13 4 0 318 168 301 397 125 153 154 106 383 472 172 258 275 151 475 304 169 477 59 431 418 183 335 237 83 298 429 180 16 276 468 8 361 219 242 10 144 50 212 44 267 201 1 434 328 428 87 443 327 51 93 153 428 7 140 228 97 242 399 130 34 87 77 6 454 397 197 83 407 349 180 31 426 421 334 376 448 199 497 180 50 294 195 319 193 257 321 326 262 21 436 374 348 15 444 125 316 234 9 267 345 141 197 208 239 453 469 9 441 440 268 274 311 7 55 318 336 481 304 94 84 101 57 449 333 370 292 424 424 49 466 437 22 179 223 313 89 
170 343 168 90 129 104 136 237 175 300 354 214 164 295 158 175 118 137 95 190 474 271 318 0 160 398 234 498 41 34 332 340 280 308 262 111 391 335 199 76 487 480 370 246 371 417 311 11 452 300 194 133 382 40 187 370 441 308 426 192 304 499 316 125 490 34 492 406 362 479 406 261 225 114 126 226 154 183 47 71 340 190 366 7 334 249 273 481 235 83 441 479 448 439 36 412 306 259 73 241 434 123 85 167 398 66 185 296 270 25 245 352 401 259 9 108 280 270 114 331 20 302 108 199 104 199 156 205 185 455 300 270 311 472 204 331 128 137 490 360 181 447 369 364 111 76 403 28 133 345 358 336 314 239 234 71 318 194 191 267 
497 127 288 453 180 282 299 368 68 315 47 167 89 460 426 474 333 406 497 171 91 126 168 160 0 371 38 192 279 361 55 336 298 78 322 461 208 265 27 235 370 236 155 57 496 466 37 250 419 172 362 103 202 48 411 8 115 401 369 496 187 115 218 153 121 447 315 495 10 313 409 9 395 330 456 206 371 18 228 139 13 192 337 474 78 169 404 323 28 97 255 183 45 270 128 431 361 478 2 465 319 33 311 211 220 235 383 310 148 193 120 477 56 6 22 84 70 469 300 207 40 74 450 454 37 185 273 45 85 447 465 222 71 42 17 210 384 86 286 58 451 58 236 314 496 288 474 146 430 150 297 80 446 232 151 234 482 385 461 472 
299 92 414 391 421 489 31 34 177 473 482 230 126 124 309 497 58 166 335 403 141 1 301 398 371 0 370 174 483 90 88 376 387 229 184 303 460 362 41 343 419 305 287 251 442 350 293 327 161 216 294 263 500 177 329 58 321 294 299 15 29 374 69 481 346 342 174 96 147 365 307 444 334 205 393 147 372 361 179 30 230 239 394 147 86 160 161 55 301 189 465 366 270 352 100 221 392 472 166 467 31 434 275 421 462 370 284 266 406 324 489 204 411 124 312 154 443 290 195 395 170 441 467 164 71 282 150 371 92 397 232 202 246 162 101 496 110 258 439 439 379 356 6 206 182 199 373 341 49 400 278 256 18 433 412 381 490 394 67 122 
56 37 14 50 265 221 207 230 475 291 291 25 485 238 128 5 153 400 493 448 311 37 397 234 38 370 0 86 244 199 381 366 370 77 58 401 429 344 33 324 54 398 309 91 142 158 57 330 47 391 483 254 151 415 32 282 399 87 77 82 494 152 371 414 105 123 156 280 44 493 457 467 491 215 198 258 484 7 437 153 17 150 85 108 183 100 169 397 483 324 254 357 477 436 326 358 141 297 8 12 367 387 157 231 215 388 475 371 108 17 407 335 321 301 234 130 216 97 383 480 306 278 87 262 377 153 192 109 478 286 492 182 261 37 121 233 251 234 154 188 246 45 181 136 200 225 267 190 41 46 305 370 10 331 421 216 228 160 203 26 
171 478 173 78 352 55 490 150 28 134 146 107 413 396 297 350 280 199 398 379 437 396 125 498 192 174 86 0 342 412 152 197 194 461 372 286 103 451 162 41 484 202 263 260 117 432 185 481 50 91 105 104 208 247 17 208 415 77 383 411 188 129 196 281 231 182 476 398 249 119 342 328 258 361 446 360 264 70 152 12 237 388 491 412 493 174 49 298 176 276 43 14 194 23 496 483 43 236 34 274 143 202 452 19 357 151 312 30 59 416 496 116 195 98 211 220 433 142 107 117 101 392 285 28 267 314 87 167 400 161 191 311 218 48 161 156 421 457 231 313 147 382 212 443 122 392 52 151 73 63 191 365 130 315 499 92 41 355 170 21 
496 376 427 19 491 235 101 251 171 390 329 118 109 407 415 333 282 275 80 160 403 94 153 41 279 483 244 342 0 175 9 126 105 383 384 54 349 440 424 363 195 399 11 456 467 316 447 339 20 436 234 221 313 54 193 364 290 374 132 107 53 340 334 60 444 21 325 129 279 259 455 156 108 413 479 48 479 175 449 438 340 19 333 25 303 19 433 349 153 353 261 429 90 472 201 253 313 496 364 301 197 71 209 350 429 14 98 474 93 202 91 253 319 297 422 348 245 18 197 212 155 291 494 325 280 248 183 3 392 144 380 395 425 422 106 471 482 252 308 383 241 499 73 226 359 222 446 351 123 399 409 498 216 227 215 153 90 446 359 148 
20 108 19 423 306 421 227 230 265 256 134 147 440 102 435 469 244 428 309 270 280 226 154 34 361 90 199 412 175 0 58 280 133 152 356 211 319 335 34 405 185 88 177 271 106 340 59 221 230 105 488 361 248 44 203 427 441 433 310 445 317 64 380 196 267 228 451 186 283 47 299 477 436 67 474 322 405 116 211 199 486 98 462 453 151 474 426 382 320 349 49 229 154 168 125 159 308 191 243 449 189 2 435 199 404 460 27 61 195 114 304 37 305 230 239 77 314 203 142 313 135 249 235 379 472 414 254 414 165 25 336 450 487 383 47 28 61 73 49 497 209 434 23 92 163 317 81 486 189 432 52 164 301 146 118 81 382 295 423 182 
469 434 212 69 43 79 213 58 129 153 16 178 370 4 242 485 73 436 238 274 439 369 106 332 55 88 381 152 9 58 0 130 126 401 496 383 162 182 147 13 376 76 240 187 213 247 199 420 89 322 284 487 153 303 107 365 216 267 121 5 345 485 159 378 306 184 240 342 100 337 467 500 2 462 2 376 130 50 169 314 187 366 428 178 149 487 41 9 299 74 387 466 135 488 21 467 290 498 189 87 248 451 126 394 248 382 97 33 400 202 288 472 170 186 227 487 488 142 92 45 401 248 368 400 278 172 417 336 218 227 204 97 446 408 485 200 76 332 440 421 280 169 321 399 9 328 338 400 30 251 111 420 190 319 155 450 422 478 475 309 
267 339 212 231 424 79 116 323 184 285 304 453 37 38 138 476 226 164 472 453 324 424 383 340 336 376 366 197 126 280 130 0 143 325 493 112 322 41 136 55 112 129 48 312 64 112 8 486 89 405 273 157 423 241 177 213 499 139 441 267 257 37 298 92 32 318 118 128 294 123 395 229 145 407 39 484 85 385 65 4 210 103 395 259 104 487 93 135 323 380 20 7 11 178 467 274 266 301 493 397 69 378 305 127 129 123 133 225 217 41 188 108 86 178 417 464 299 307 392 32 325 33 288 339 451 425 38 327 143 439 382 432 142 470 136 283 183 55 152 330 370 326 45 338 343 454 405 288 24 465 332 381 329 409 242 434 384 498 45 104 
102 85 326 290 436 193 100 139 451 370 278 428 375 265 272 304 154 353 495 156 444 302 472 280 298 387 370 194 105 133 126 143 0 370 468 402 3 298 12 384 368 88 300 18 102 497 181 283 113 25 327 277 3 83 171 397 292 325 141 480 475 155 311 498 343 72 194 21 136 111 61 272 182 290 274 257 350 87 244 26 237 86 265 301 141 69 79 299 9 464 182 204 150 149 474 384 164 287 493 58 117 444 118 250 160 399 215 494 393 169 348 373 397 396 303 97 491 365 289 474 406 64 305 214 158 289 291 165 71 467 312 184 488 450 133 492 370 189 183 457 58 311 19 400 161 239 48 137 100 143 347 88 494 107 102 416 204 37 263 281 
19 235 296 444 336 294 477 118 8 455 148 63 258 25 453 36 430 108 498 374 410 238 172 308 78 229 77 461 383 152 401 325 370 0 448 476 168 422 51 68 498 403 11 98 54 476 178 119 482 161 483 313 178 245 272 363 244 31 413 237 487 312 499 396 86 148 64 97 149 147 364 30 51 110 417 229 28 481 95 242 154 186 197 231 440 96 70 275 414 420 437 263 195 11 265 406 152 159 71 21 412 83 242 355 76 471 53 348 123 4 158 362 150 479 21 17 152 216 313 418 241 100 475 160 279 221 231 147 45 183 2 358 185 309 261 351 301 66 18 386 179 180 225 206 278 24 54 113 201 483 81 119 50 140 66 65 113 251 132 237 
21 262 374 195 82 339 254 379 310 5 254 306 194 233 363 379 159 478 332 435 173 431 258 262 322 184 58 372 384 356 496 493 468 448 0 49 67 274 130 267 253 253 114 402 204 43 435 356 244 161 36 42 280 282 373 48 127 209 496 112 339 382 278 393 12 212 335 140 132 188 272 25 195 306 33 497 422 493 256 134 34 339 154 143 183 69 64 219 229 291 453 147 219 230 265 133 17 224 137 490 178 426 136 400 269 269 282 151 480 364 271 312 487 140 402 475 144 164 369 314 222 177 187 315 31 48 157 170 382 427 380 467 481 53 485 399 456 248 325 375 368 286 66 11 145 453 162 128 54 200 385 3 391 479 182 225 251 406 246 157 
335 353 236 467 482 252 322 410 144 167 40 448 317 440 214 320 111 103 20 439 217 22 275 111 461 303 401 286 54 211 383 112 402 476 49 0 321 88 339 133 291 17 497 103 93 104 417 125 300 23 392 172 148 173 351 388 276 191 121 26 371 61 209 429 83 10 491 73 153 484 327 248 339 150 267 162 366 460 100 300 217 468 164 56 241 205 430 237 154 35 3 191 150 51 333 428 457 195 13 212 296 397 198 265 329 165 299 295 314 194 205 248 289 152 460 245 268 462 395 349 5 11 368 380 66 329 403 163 29 432 97 192 271 117 345 332 444 159 14 293 325 443 354 259 410 234 24 141 176 362 283 98 125 282 471 43 311 38 61 25 
129 37 133 34 108 418 368 440 158 57 222 285 486 79 18 336 227 252 305 438 41 28 151 391 208 460 429 103 349 319 162 322 3 168 67 321 0 182 323 195 450 201 445 198 294 340 111 248 18 142 101 456 70 201 8 262 465 12 334 172 48 286 396 476 202 427 75 236 347 26 104 419 242 309 186 228 190 155 383 249 399 358 321 210 364 10 402 245 260 427 313 174 464 235 279 466 447 307 96 145 410 396 141 48 146 421 155 444 255 498 221 179 438 417 13 105 268 411 475 209 389 171 243 445 301 197 244 434 439 197 15 297 438 356 438 24 61 464 174 396 419 459 252 115 208 115 344 417 354 205 418 52 35 97 74 177 214 375 485 290 
408 477 365 58 394 212 149 284 268 129 334 253 415 221 128 377 371 455 402 218 109 11 475 335 265 362 344 451 440 335 182 41 298 422 274 88 182 0 412 193 5 488 102 194 126 453 205 465 73 170 307 101 487 49 349 100 240 212 140 420 58 337 201 159 266 102 49 445 78 356 166 244 495 305 17 428 473 105 115 56 189 393 241 466 320 386 75 370 386 346 91 310 352 293 211 414 285 493 351 63 485 370 75 150 172 120 245 298 377 415 151 468 370 231 236 72 27 443 169 278 221 462 113 355 391 309 209 19 105 158 358 359 47 483 81 63 481 99 292 273 372 480 492 33 467 389 4 413 266 455 482 25 446 495 62 263 399 443 158 232 
342 367 362 187 320 372 75 150 265 262 340 362 229 419 478 184 424 122 27 300 15 424 304 199 27 41 33 162 424 34 147 136 12 51 130 339 323 412 0 210 447 4 440 490 259 198 485 126 194 109 50 122 64 137 187 342 110 451 459 81 69 438 164 17 166 237 468 232 412 345 415 89 249 419 392 423 179 9 272 68 147 93 51 425 92 406 467 365 178 180 160 395 346 32 102 150 486 382 130 378 100 373 28 240 491 426 275 336 135 167 129 25 489 87 423 212 156 440 9 412 414 487 437 17 261 326 96 316 257 187 135 461 55 168 137 170 140 47 125 104 434 397 114 473 39 377 43 45 9 198 54 368 179 365 192 136 203 456 253 246 
263 235 213 166 158 69 234 281 192 328 355 137 453 278 122 265 51 121 469 360 58 164 169 76 235 343 324 41 363 405 13 55 384 68 267 133 195 193 210 0 68 287 97 234 489 475 406 391 200 496 458 483 298 492 137 148 408 198 12 121 71 462 442 125 374 3 303 325 476 125 35 428 297 263 357 87 277 361 102 425 217 184 263 114 362 319 459 40 493 226 157 270 423 332 116 84 437 283 122 42 297 108 253 109 113 140 481 38 459 211 93 302 275 216 7 17 177 311 191 401 481 86 35 453 314 229 120 153 348 284 480 124 298 251 70 292 471 391 262 241 239 232 350 58 495 395 134 99 204 474 299 238 348 346 427 264 153 396 100 248 
134 134 361 373 242 482 430 322 357 413 157 176 20 164 343 173 202 22 422 365 420 348 477 487 370 419 54 484 195 185 376 112 368 498 253 291 450 5 447 68 0 122 280 185 293 25 469 1 239 117 430 219 483 485 450 443 238 41 216 64 147 323 384 98 315 361 21 340 431 16 394 303 292 317 240 18 154 437 248 412 469 87 120 99 182 228 214 46 395 112 372 194 333 325 187 254 158 73 69 9 315 141 105 78 218 28 329 240 194 408 144 21 260 205 268 375 390 164 190 433 89 449 249 397 210 415 98 288 47 327 396 395 409 432 233 375 464 389 406 89 283 225 283 399 147 83 127 247 291 154 365 481 390 331 430 22 214 213 405 68 
428 424 5 407 414 390 260 40 495 32 45 398 69 336 288 274 47 216 272 247 471 394 59 480 236 305 398 202 399 88 76 129 88 403 253 17 201 488 4 287 122 0 20 257 352 186 338 456 299 246 478 74 26 276 173 91 362 465 422 123 394 139 203 222 49 167 372 75 193 396 165 253 464 317 375 283 231 297 361 443 148 345 215 295 440 491 1 121 149 494 137 16 211 206 76 56 369 71 120 39 10 323 265 484 202 108 167 117 275 367 370 289 442 426 137 304 94 401 285 345 479 107 99 244 169 325 493 7 274 373 225 119 51 80 99 266 118 367 208 258 169 264 390 53 166 347 216 392 128 149 426 208 262 283 376 74 299 102 170 93 
252 456 12 209 78 430 96 223 179 279 245 336 481 20 31 437 471 456 473 239 128 285 431 370 155 287 309 263 11 177 240 48 300 11 114 497 445 102 440 97 280 20 0 33 355 287 251 179 425 134 377 278 369 67 495 45 83 76 459 124 66 429 389 380 353 209 67 475 347 291 65 81 371 454 494 236 403 414 408 452 91 222 6 321 243 74 406 480 144 220 394 439 141 264 163 380 109 300 195 166 479 427 65 439 188 328 54 291 500 220 104 126 285 94 257 455 469 314 357 495 493 243 410 58 236 213 122 356 491 249 278 454 210 122 210 243 341 406 282 430 235 329 392 150 194 368 149 460 378 130 5 57 405 203 221 244 112 280 214 230 
115 175 428 307 254 56 483 471 362 322 462 261 413 333 462 468 8 255 391 155 28 421 418 246 57 251 91 260 456 271 187 312 18 98 402 103 198 194 490 234 185 257 33 0 47 488 415 27 420 475 425 307 340 435 350 201 296 371 362 169 481 43 114 183 152 125 294 80 379 286 208 83 134 473 423 119 302 334 123 146 345 342 425 393 425 294 94 476 474 485 145 23 284 499 499 45 326 157 459 420 143 315 413 482 267 310 277 337 259 483 328 139 69 335 213 205 59 496 16 445 159 318 412 248 218 3 63 35 286 344 23 381 149 243 46 166 81 317 337 392 397 18 373 407 28 325 83 394 435 187 281 120 346 23 371 74 376 200 482 214 
77 470 339 462 190 164 442 190 115 489 354 132 373 199 11 377 463 236 143 482 202 470 183 371 496 442 142 117 467 106 213 64 102 54 204 93 294 126 259 489 293 352 355 47 0 270 60 297 213 78 157 477 181 243 27 209 487 170 402 15 419 11 441 116 56 472 145 216 333 129 263 268 428 326 123 344 211 366 439 384 107 336 277 243 394 24 480 33 21 11 481 425 217 158 71 182 233 313 281 315 234 204 207 393 432 113 182 151 227 15 370 173 204 56 456 43 492 297 226 491 89 328 485 187 410 460 357 442 411 329 139 235 296 371 34 69 401 259 175 320 33 9 3 344 88 97 178 241 482 35 320 305 479 5 27 300 179 261 204 345 
448 77 259 356 219 373 458 430 348 222 25 136 360 22 469 275 149 18 181 242 51 482 335 417 466 350 158 432 316 340 247 112 497 476 43 104 340 453 198 475 25 186 287 488 270 0 24 120 396 297 311 28 428 162 349 261 280 182 470 492 244 365 288 46 62 366 192 314 328 232 177 405 101 176 278 254 270 127 447 9 360 485 393 176 83 77 483 96 58 483 450 460 256 495 280 216 358 108 269 311 321 72 363 366 85 143 26 486 473 318 3 46 475 449 474 419 201 255 206 214 454 379 455 259 461 278 484 144 451 326 183 304 381 163 412 201 240 441 316 354 490 232 461 11 315 3 308 461 489 180 115 43 294 446 37 87 39 52 265 99 
355 59 395 491 141 329 276 300 413 228 7 220 312 466 106 480 48 285 256 304 423 178 237 311 37 293 57 185 447 59 199 8 181 178 435 417 111 205 485 406 469 338 251 415 60 24 0 356 38 220 173 93 380 395 203 209 225 111 108 254 474 35 406 89 123 468 106 165 372 4 488 290 168 318 495 427 440 436 71 224 429 491 400 55 140 78 139 19 65 442 348 457 440 382 463 137 450 348 264 454 392 362 429 32 449 491 384 321 357 251 279 337 347 425 68 369 398 423 253 79 443 414 27 46 312 106 138 433 291 162 442 87 338 373 225 498 102 320 7 174 5 412 170 108 305 270 363 146 146 85 267 181 257 199 448 230 63 257 116 83 
34 350 386 417 348 127 344 283 78 326 63 174 259 457 87 51 16 326 258 185 212 408 83 11 250 327 330 481 339 221 420 486 283 119 356 125 248 465 126 391 1 456 179 27 297 120 356 0 114 446 252 305 350 415 209 44 357 137 469 196 377 67 415 87 479 97 69 7 419 418 377 499 318 40 268 474 453 329 306 327 52 54 405 355 105 65 192 414 358 347 226 357 252 308 413 454 210 295 75 77 288 467 258 90 350 253 493 499 34 263 346 36 404 161 215 495 319 91 461 229 161 424 86 382 202 172 289 22 2 75 371 492 364 477 60 397 494 220 481 286 146 443 99 215 132 263 97 486 248 459 281 498 238 412 208 256 85 141 395 237 
178 437 196 155 23 96 95 410 29 115 198 262 490 413 340 493 74 308 406 467 318 258 298 452 419 161 47 50 20 230 89 89 113 482 244 300 18 73 194 200 239 299 425 420 213 396 38 114 0 24 468 48 394 297 385 411 241 303 397 443 73 415 200 155 2 359 175 69 102 186 330 392 109 474 425 104 221 49 145 309 179 109 325 297 433 277 323 414 328 245 309 441 357 261 310 331 167 378 35 248 120 467 60 10 335 169 149 135 278 32 57 336 59 252 317 414 268 31 122 149 248 200 49 387 391 391 494 170 114 140 298 354 328 464 199 329 332 36 338 16 183 260 195 7 223 116 436 293 64 327 304 173 472 465 285 48 187 299 418 441 
487 344 193 220 482 465 141 446 94 476 453 86 32 87 377 143 328 430 86 385 410 481 429 300 172 216 391 91 436 105 322 405 25 161 161 23 142 170 109 496 117 246 134 475 78 297 220 446 24 0 379 265 241 209 21 89 494 20 137 204 320 312 453 247 324 80 146 25 493 433 495 471 88 20 354 248 252 38 15 270 194 141 130 34 461 236 1 292 387 229 171 213 489 441 361 300 152 41 441 468 121 431 243 309 390 200 132 175 255 326 401 379 379 493 169 393 376 460 80 63 16 79 238 19 311 171 437 10 335 99 349 98 272 489 497 225 319 198 425 282 172 231 131 489 476 446 431 451 223 6 74 432 212 170 25 493 324 123 472 260 
213 374 325 160 366 194 192 497 37 34 193 357 438 6 231 198 359 327 471 268 112 388 180 194 362 294 483 105 234 488 284 273 327 483 36 392 101 307 50 458 430 478 377 425 157 311 173 252 468 379 0 473 194 247 233 220 409 454 142 180 479 237 22 448 425 247 252 432 176 483 484 61 102 311 467 3 78 100 418 134 268 11 223 111 488 144 352 58 93 320 23 473 482 454 259 102 431 51 108 140 85 25 429 267 78 124 274 113 357 415 492 419 431 360 358 240 373 180 102 199 46 307 371 395 122 343 276 220 121 101 288 439 303 390 389 41 365 356 500 460 36 306 327 425 284 81 416 295 467 131 291 376 377 135 225 336 293 56 264 460 
93 374 435 297 86 284 1 465 297 30 210 182 357 328 474 129 230 120 400 27 70 189 16 133 103 263 254 104 221 361 487 157 277 313 42 172 456 101 122 483 219 74 278 307 477 28 93 305 48 265 473 0 223 213 311 112 186 44 130 401 494 355 330 157 120 491 449 471 357 493 435 159 112 404 394 145 292 34 165 383 364 127 333 49 314 462 485 388 315 86 82 187 100 478 488 14 93 69 299 445 26 176 242 156 380 38 47 379 101 240 310 317 182 474 5 287 322 179 409 441 499 247 339 59 419 92 238 35 413 24 230 305 21 465 456 61 68 207 52 273 216 496 318 115 67 395 215 42 27 454 467 392 274 390 161 496 287 69 382 420 
33 107 460 154 112 77 150 430 297 465 477 422 485 169 260 405 350 47 62 116 459 143 276 382 202 500 151 208 313 248 153 423 3 178 280 148 70 487 64 298 483 26 369 340 181 428 380 350 394 241 194 223 0 17 223 11 80 423 454 481 89 199 215 374 343 150 55 386 450 320 74 315 253 63 135 336 304 402 14 470 298 143 290 261 63 316 414 323 369 166 494 13 403 23 2 143 424 17 176 250 190 216 75 68 428 412 327 480 188 371 247 351 86 28 144 257 55 200 228 264 342 33 195 36 112 18 138 153 170 32 126 186 397 7 348 153 148 410 394 153 500 395 353 57 301 82 26 288 182 33 182 344 237 161 423 323 268 386 328 361 
13 436 234 319 122 21 220 214 147 107 248 35 9 145 301 227 213 194 95 50 335 443 468 40 48 177 415 247 54 44 303 241 83 245 282 173 201 49 137 492 485 276 67 435 243 162 395 415 297 209 247 213 17 0 60 15 182 6 329 422 222 162 63 243 456 397 140 418 227 1 204 50 342 314 423 159 171 487 366 37 304 436 369 57 409 389 388 383 126 65 440 166 412 102 391 449 392 45 454 106 397 263 377 277 2 332 457 395 477 32 108 500 221 226 360 189 350 24 271 158 249 254 379 421 15 393 425 419 339 216 235 354 25 85 221 208 428 379 153 36 262 232 414 240 313 334 130 163 253 214 147 461 350 6 490 345 9 371 25 394 
479 62 257 253 24 7 312 240 158 295 137 74 107 44 393 311 260 181 233 309 148 92 8 187 411 329 32 17 193 203 107 177 171 272 373 351 8 349 187 137 450 173 495 350 27 349 203 209 385 21 233 311 223 60 0 192 322 218 284 403 374 459 393 47 31 79 355 72 253 305 301 479 189 13 90 354 73 273 17 236 290 312 73 258 283 121 466 102 60 86 244 460 202 132 479 294 403 497 99 336 175 372 75 377 10 288 305 21 381 226 151 220 116 81 217 5 293 215 81 480 418 466 308 254 303 104 220 112 148 365 493 365 495 278 308 418 304 181 371 255 78 403 289 126 33 226 365 380 477 380 35 494 174 430 277 477 76 58 467 453 
445 491 360 175 81 349 236 26 122 467 134 302 475 57 137 104 365 458 175 462 364 127 361 370 8 58 282 208 364 427 365 213 397 363 48 388 262 100 342 148 443 91 45 201 209 261 209 44 411 89 220 112 11 15 192 0 461 335 239 353 120 252 96 276 367 363 77 190 271 24 461 283 127 373 82 392 327 256 474 69 395 498 179 456 85 497 174 275 72 255 14 378 373 99 389 380 286 448 440 92 231 127 296 28 26 343 408 435 247 56 398 389 434 132 267 147 57 244 398 46 253 169 474 399 493 190 486 418 435 498 202 361 391 71 27 209 396 151 361 286 56 64 159 396 436 240 22 141 383 444 296 240 315 315 248 260 128 468 39 334 
172 262 480 203 198 112 121 63 114 256 468 475 266 379 118 23 393 52 165 220 304 197 219 441 115 321 399 415 290 441 216 499 292 244 127 276 465 240 110 408 238 362 83 296 487 280 225 357 241 494 409 186 80 182 322 461 0 477 19 331 28 349 34 485 177 440 10 436 103 488 131 458 288 335 177 152 163 118 61 127 339 107 128 445 185 346 446 50 331 366 462 23 259 369 17 107 295 404 325 104 429 189 182 349 22 353 242 90 68 482 380 252 333 16 237 148 283 124 208 375 372 344 226 200 352 377 338 427 431 69 199 312 188 221 209 237 314 1 180 496 346 359 5 131 221 471 466 420 46 357 407 220 173 441 151 11 236 462 139 85 
450 477 134 303 107 377 133 9 299 387 316 76 480 399 207 471 355 188 213 2 444 403 242 308 401 294 87 77 374 433 267 139 325 31 209 191 12 212 451 198 41 465 76 371 170 182 111 137 303 20 454 44 423 6 218 335 477 0 462 258 429 484 188 60 277 381 135 80 180 259 119 295 362 330 8 438 335 296 346 351 268 142 212 477 25 331 476 381 379 320 274 333 7 20 119 93 20 387 216 179 378 490 141 3 196 14 207 423 60 290 442 328 85 51 224 61 82 261 268 50 339 472 257 192 122 299 55 126 143 217 46 176 353 30 300 358 73 449 341 469 52 394 472 424 222 208 200 93 499 131 441 54 120 484 314 275 157 172 451 375 
483 166 353 53 156 346 35 322 163 243 381 123 384 181 473 424 75 499 155 212 112 142 10 426 369 299 77 383 132 310 121 441 141 413 496 121 334 140 459 12 216 422 459 362 402 470 108 469 397 137 142 130 454 329 284 239 19 462 0 420 182 371 241 133 445 117 400 379 3 438 162 415 73 459 187 115 226 389 258 399 494 456 139 144 401 352 60 190 472 145 471 196 446 194 329 188 29 245 333 321 146 36 123 452 273 308 82 269 67 301 33 353 132 408 215 151 368 287 65 496 4 361 461 387 23 276 185 434 302 470 25 426 451 179 14 159 412 307 485 259 49 200 183 373 54 26 357 205 132 42 346 42 52 202 304 478 279 138 346 233 
205 387 305 498 424 91 485 363 463 19 11 53 447 383 147 275 242 271 441 121 313 255 144 192 496 15 82 411 107 445 5 267 480 237 112 26 172 420 81 121 64 123 124 169 15 492 254 196 443 204 180 401 481 422 403 353 331 258 420 0 10 210 6 40 89 420 37 227 387 127 189 232 338 110 263 419 493 168 306 188 42 50 499 495 376 155 374 27 433 57 135 393 124 19 475 332 336 320 430 45 72 322 400 404 452 312 117 396 412 328 462 301 48 249 157 213 213 91 459 158 54 68 164 165 346 79 290 288 68 447 474 193 316 328 237 60 263 345 375 154 497 133 395 68 203 87 494 252 275 263 260 70 63 463 336 248 101 208 475 217 
361 64 18 49 54 364 259 340 346 419 258 229 404 305 483 69 180 206 333 272 394 337 50 304 187 29 494 188 53 317 345 257 475 487 339 371 48 58 69 71 147 394 66 481 419 244 474 377 73 320 479 494 89 222 374 120 28 429 182 10 0 263 376 486 451 446 464 234 59 492 6 462 488 163 340 334 332 159 19 223 362 252 305 393 28 233 294 342 284 41 357 220 247 498 192 324 291 265 433 339 327 212 350 86 139 50 342 175 256 173 8 96 489 310 237 389 371 189 369 162 362 46 108 375 328 457 487 383 381 52 319 414 362 349 188 248 293 27 163 477 325 100 24 403 275 93 460 190 5 404 254 66 16 221 178 458 227 421 360 98 
385 308 260 300 247 308 355 100 280 414 32 149 217 355 377 456 373 347 21 305 23 63 212 499 115 374 152 129 340 64 485 37 155 312 382 61 286 337 438 462 323 139 429 43 11 365 35 67 415 312 237 355 199 162 459 252 349 484 371 210 263 0 86 63 90 236 231 179 92 236 81 186 459 464 342 399 46 474 54 219 257 157 410 208 274 111 223 399 414 149 34 273 418 445 464 31 96 493 73 330 389 128 80 349 21 22 433 130 61 178 360 284 297 60 132 279 10 145 409 137 298 291 159 500 277 436 269 165 72 291 96 282 165 291 311 63 272 204 40 453 61 422 418 361 128 85 292 148 302 305 444 222 445 394 332 188 60 124 452 150 
387 459 114 40 387 277 217 80 105 421 323 73 103 339 436 185 403 418 439 145 226 89 44 316 218 69 371 196 334 380 159 298 311 499 278 209 396 201 164 442 384 203 389 114 441 288 406 415 200 453 22 330 215 63 393 96 34 188 241 6 376 86 0 133 148 80 366 263 381 243 100 267 225 431 132 49 155 152 498 184 334 77 196 248 15 141 166 101 131 102 27 397 100 157 150 277 495 372 264 286 344 286 462 195 464 190 31 35 361 179 222 279 320 246 157 204 491 261 206 146 337 341 306 427 495 225 302 388 180 392 12 93 412 300 375 376 466 223 116 37 66 312 35 111 472 131 116 281 236 10 308 94 14 240 418 297 479 190 222 229 
