200
4324 9392 9114 1688 7153 3771 7488 2462 8101 6739 7673 1154 5619 739 347 976 2373 9654 5150 8740 2985 6852 7778 4706 5127 77 1309 3570 6344 4899 342 9561 1423 954 9063 1122 7667 7684 6813 3139 7911 8793 7262 7186 3628 7152 9783 2759 2965 4349 4112 4961 1054 1632 1895 6613 2444 1432 1217 5263 7996 1210 2696 8043 1081 3838 8249 9870 432 1223 6118 2940 9491 412 8241 7986 4589 3880 8584 277 6813 8230 3501 5826 4894 8013 7739 5758 8968 3906 2162 9338 7546 6941 1805 8595 2545 3027 5342 38 9715 4470 9560 1412 4315 7713 4943 3977 4371 9015 946 3271 6369 2295 2067 3830 726 5843 8297 5826 6875 7132 6057 4110 314 7447 8196 2599 6468 538 4168 9509 8689 2039 3956 1380 263 8843 1860 6365 2746 176 8724 9762 5487 4576 3712 7247 3674 9500 9212 3784 4747 2775 4970 8673 5529 7614 52 9714 4910 5417 3711 1949 9432 3074 8778 8952 1619 3983 3639 7136 3395 4516 1429 6052 9431 135 7500 134 7771 7894 8784 9879 7574 4528 1128 2905 6323 1860 3210 7886 1336 3742 8111 6806 2929 1251 6151 3515 
454 268 255 453 196 436 312 337 244 54 383 117 298 224 399 382 338 406 346 374 487 207 59 167 31 432 334 466 454 239 44 387 487 359 58 284 289 450 398 233 494 325 177 473 4 360 19 194 4 66 243 190 336 396 254 29 452 10 191 24 333 320 18 379 355 287 349 67 220 55 453 48 197 129 484 145 44 429 114 435 89 194 384 205 106 311 187 120 214 282 460 353 170 168 236 113 54 467 390 56 454 15 485 255 397 125 289 493 401 282 130 272 122 383 409 70 235 80 181 492 271 458 377 84 295 374 335 215 400 415 453 47 151 71 383 239 208 324 333 165 2 498 146 39 454 324 471 474 355 305 442 114 148 99 439 134 483 255 86 475 28 251 318 373 168 439 420 298 316 88 117 97 223 382 374 233 258 312 226 144 297 67 59 367 441 118 400 208 456 353 392 346 396 194 271 407 55 312 251 147 
0 476 132 398 16 381 465 158 14 25 243 341 348 82 423 3 47 315 281 271 304 380 438 290 446 279 65 107 61 60 362 413 413 13 20 192 437 240 5 476 207 65 114 490 393 432 406 130 363 6 203 322 205 368 7 447 58 276 288 129 286 123 234 328 138 324 171 272 165 10 487 438 302 13 23 354 123 259 26 175 439 319 353 80 486 475 282 165 127 304 387 148 71 383 53 299 277 375 353 170 293 346 121 288 450 320 172 122 424 175 271 259 313 131 50 330 10 205 213 380 263 99 488 481 446 171 417 13 202 201 186 174 204 348 346 401 470 260 361 493 218 483 102 386 436 390 465 115 429 5 476 159 240 222 320 455 479 15 403 39 194 411 143 332 69 60 325 285 343 425 495 170 469 185 459 440 175 111 122 236 184 268 473 201 497 49 210 404 276 139 64 329 453 181 46 447 349 474 450 83 
476 0 213 229 78 366 178 476 260 190 310 382 393 252 4 333 333 339 135 279 91 170 485 461 430 218 89 259 70 82 293 26 338 69 390 406 217 303 385 248 395 288 34 362 5 478 410 483 413 40 422 431 494 101 289 94 6 424 131 463 243 58 441 97 332 150 347 10 121 209 171 86 235 267 456 277 36 489 210 447 293 402 287 346 54 56 414 348 275 46 16 180 441 453 120 13 4 367 221 415 99 320 154 272 126 45 97 427 413 117 500 399 284 156 325 181 6 399 123 227 197 70 101 370 396 102 447 47 151 390 315 317 62 379 492 284 391 421 394 179 418 452 168 459 420 167 294 418 187 4 218 430 206 360 152 60 188 100 328 415 295 27 94 229 24 140 383 293 327 78 198 473 183 341 389 192 463 431 117 357 36 251 41 353 216 166 352 350 249 297 457 281 187 216 186 489 98 361 62 167 
132 213 0 210 82 272 317 191 389 127 107 402 78 381 117 93 29 472 86 115 119 298 410 365 303 320 251 304 28 386 251 1 311 303 470 294 379 296 293 277 460 135 162 451 371 336 140 500 234 431 414 268 235 500 479 171 485 189 380 350 168 152 491 51 264 423 459 306 302 361 48 128 175 458 255 53 206 396 187 500 271 377 318 18 410 383 366 155 469 126 165 253 471 105 6 166 3 273 88 452 65 473 304 282 413 426 234 376 110 141 340 438 52 308 474 184 424 284 454 156 136 483 51 171 407 32 412 367 321 246 6 413 263 55 351 130 310 160 390 313 245 314 499 260 496 259 255 59 441 458 191 363 127 400 426 487 80 381 147 276 14 273 56 349 376 440 49 412 261 70 459 487 405 321 389 15 31 308 226 416 7 69 99 321 342 306 126 310 224 267 467 118 391 324 280 393 267 377 330 221 
398 229 210 0 419 355 124 246 16 234 50 353 93 68 151 4 50 200 269 422 435 420 429 475 207 468 450 217 265 410 410 158 180 28 195 3 192 3 12 163 138 287 345 24 125 194 485 46 381 345 363 411 321 249 61 47 31 426 495 500 458 79 378 231 244 471 216 52 250 290 196 39 463 380 458 380 79 380 383 244 196 412 112 386 172 90 192 314 329 247 318 497 301 417 309 178 469 197 35 17 17 284 193 403 316 75 393 377 412 356 192 277 70 225 319 294 417 28 437 292 367 202 459 337 132 53 23 38 248 110 365 397 178 339 468 8 155 101 471 71 92 395 456 298 464 21 357 437 245 438 359 223 46 224 277 251 295 151 37 331 359 30 487 43 173 99 428 336 72 348 339 118 93 307 413 440 221 451 167 464 99 485 462 76 397 412 451 73 145 416 61 50 459 189 255 157 203 498 428 92 
16 78 82 419 0 288 371 459 277 397 440 498 308 66 80 264 381 183 120 199 47 85 29 479 239 43 93 4 167 91 235 92 293 223 258 267 211 162 390 117 410 496 184 339 488 107 387 231 40 459 86 466 57 407 500 183 282 358 463 466 128 180 229 491 356 449 390 189 354 182 290 417 478 387 465 262 40 337 265 220 149 144 413 107 257 296 417 202 343 466 350 245 358 33 147 18 103 353 196 385 406 470 116 285 45 75 250 286 1 127 22 458 265 215 422 407 19 313 34 496 160 253 114 333 258 341 377 305 144 166 264 489 483 281 81 466 276 74 45 127 386 236 379 237 298 407 222 101 447 155 269 346 75 111 154 419 204 177 223 58 437 376 472 82 423 3 60 26 437 406 395 195 184 303 472 422 8 212 210 365 369 152 205 353 29 440 411 386 50 496 402 50 295 228 490 190 293 156 93 351 
381 366 272 355 288 0 398 99 382 96 364 350 349 449 9 379 74 325 339 264 90 438 67 148 363 312 126 138 47 129 382 228 273 284 386 393 384 148 128 192 130 131 367 283 475 323 263 416 291 48 139 88 333 344 335 152 26 471 240 325 202 208 211 135 67 281 223 500 302 443 199 229 301 297 115 390 227 119 87 90 125 49 277 350 10 132 80 375 458 333 174 160 327 273 150 471 408 42 49 397 376 84 284 262 95 285 4 340 398 484 148 423 131 287 488 410 360 183 151 248 253 61 189 130 297 382 415 12 118 374 338 134 305 238 156 351 253 484 407 189 191 133 464 196 152 167 232 261 285 202 498 212 46 16 21 107 398 159 78 293 312 29 288 397 447 393 193 67 52 475 175 373 229 353 407 448 321 38 197 31 353 211 173 213 10 252 384 343 333 302 59 107 390 206 325 3 327 357 372 483 
465 178 317 124 371 398 0 313 35 132 210 43 2 197 477 60 197 298 476 295 52 329 207 358 21 466 473 217 78 130 5 45 47 103 402 133 257 273 185 390 139 84 403 83 5 408 337 79 383 176 489 6 390 222 155 342 268 434 16 81 324 415 295 256 141 500 176 217 44 76 264 182 454 308 37 210 362 465 340 377 284 197 95 46 208 208 30 253 133 431 373 368 449 391 44 292 21 122 42 96 485 63 319 122 345 60 79 200 139 145 57 244 29 455 450 137 311 246 309 420 454 76 329 437 428 385 77 212 167 300 349 450 171 119 458 186 370 75 381 244 474 76 316 257 196 272 344 167 322 395 478 212 262 465 50 60 312 76 474 364 2 95 77 122 10 230 297 386 283 60 174 445 77 237 202 284 307 194 200 188 187 317 32 36 284 170 86 423 219 494 75 383 395 291 341 123 233 481 457 275 
158 476 191 246 459 99 313 0 35 201 77 322 226 460 59 480 328 495 73 415 171 274 472 341 442 241 370 125 337 21 479 195 163 400 387 124 389 63 70 445 269 161 86 308 269 428 489 290 173 175 153 228 359 130 309 111 354 203 216 183 426 391 41 14 65 161 96 462 351 264 275 25 327 78 85 248 127 174 351 448 199 461 261 170 156 353 59 373 333 58 324 24 316 189 373 345 307 38 481 138 307 478 218 187 245 69 338 403 288 86 263 478 210 306 349 448 290 9 248 190 387 285 275 490 405 351 348 480 39 223 186 316 270 197 53 138 252 224 492 447 314 399 98 191 453 389 6 436 305 268 410 165 219 339 31 338 165 166 93 500 358 135 490 325 70 16 442 126 275 113 78 469 334 204 490 189 123 118 450 168 70 399 85 440 229 152 440 238 136 274 495 276 304 418 304 159 361 132 55 438 
14 260 389 16 277 382 35 35 0 436 280 8 473 49 441 330 362 359 126 35 345 270 277 321 198 11 132 230 276 428 166 200 469 366 443 172 473 113 342 70 399 51 248 78 373 229 402 265 390 244 271 246 330 413 373 176 158 353 165 16 450 223 185 109 27 474 308 270 89 119 47 172 375 133 14 468 2 217 231 203 241 310 140 201 152 326 265 214 80 242 111 290 173 272 26 382 188 6 338 409 492 493 247 55 271 389 53 237 103 423 423 306 172 31 47 150 2 158 128 8 262 357 309 432 271 397 234 437 479 286 83 30 331 166 46 419 27 222 317 332 337 330 325 498 230 327 29 477 236 377 241 136 42 73 74 201 486 489 208 450 217 80 322 208 420 393 146 474 128 230 233 78 275 490 136 456 251 63 352 199 376 271 484 187 297 461 196 242 472 12 196 354 6 103 57 153 234 247 356 436 
25 190 127 234 397 96 132 201 436 0 94 206 207 186 405 24 405 120 359 52 10 466 104 449 339 257 442 288 444 81 299 498 300 341 240 12 20 203 417 121 81 30 485 139 118 248 127 127 34 184 469 49 222 59 270 340 389 449 432 14 62 126 449 49 471 361 103 412 169 333 273 231 330 488 400 213 325 240 258 61 276 101 282 255 431 394 386 193 319 374 261 297 270 170 320 339 14 119 68 352 186 150 271 111 215 50 479 308 162 21 25 159 236 82 292 319 312 18 129 79 415 151 462 488 267 388 224 112 83 80 395 327 482 392 46 116 447 465 398 498 440 331 73 326 370 96 278 331 261 111 338 387 65 408 106 134 225 337 384 182 187 469 136 277 194 431 394 421 340 488 374 52 445 294 459 35 486 369 311 329 405 488 18 329 258 279 305 479 296 457 441 432 183 263 129 86 186 273 277 22 
243 310 107 50 440 364 210 77 280 94 0 310 383 162 437 442 417 154 330 243 385 249 297 95 95 339 433 86 406 209 460 107 72 448 317 282 203 4 85 48 54 321 234 372 421 58 313 171 90 43 328 153 388 242 163 410 9 132 52 241 440 8 210 262 387 372 363 45 284 177 51 95 46 315 193 146 381 394 36 350 86 426 211 76 376 226 299 154 445 394 357 16 39 428 59 340 492 96 164 386 259 356 203 372 151 214 357 351 51 43 156 171 58 17 237 229 107 428 25 359 245 287 340 309 369 238 29 400 357 414 386 69 141 37 209 147 406 136 2 308 226 418 421 304 46 443 229 176 97 362 105 282 388 136 311 115 104 244 340 473 338 36 264 212 199 4 181 418 480 361 225 442 207 469 273 397 471 246 85 334 120 333 248 409 483 428 405 35 425 291 406 70 172 87 105 281 460 331 175 407 
341 382 402 353 498 350 43 322 8 206 310 0 174 337 443 275 305 186 347 73 135 381 271 472 206 435 109 451 275 317 73 268 21 263 338 177 479 103 285 97 209 382 194 64 422 173 394 436 340 99 478 431 225 219 322 211 145 50 288 345 138 121 88 116 91 85 440 258 261 36 250 330 489 307 185 64 293 143 137 150 136 274 192 48 311 43 347 22 483 350 330 255 82 320 43 482 338 219 213 252 405 253 19 3 102 49 42 309 486 185 49 248 29 319 214 477 345 51 22 229 25 295 227 72 248 60 352 372 476 166 353 76 178 34 177 491 105 338 102 430 334 403 329 161 358 381 460 246 161 356 94 7 333 135 413 414 410 150 249 393 226 467 250 121 232 72 384 18 314 192 150 282 303 61 497 420 475 145 45 363 478 483 382 382 229 409 270 124 476 63 288 252 315 202 491 259 102 476 366 164 
348 393 78 93 308 349 2 226 473 207 383 174 0 305 421 415 447 492 91 391 160 237 335 278 310 395 372 273 232 288 444 126 273 485 436 343 260 481 490 358 333 203 267 422 355 409 121 70 233 131 86 171 116 8 214 164 46 397 378 226 288 349 358 251 159 111 72 109 327 466 489 328 167 337 383 420 373 215 178 235 177 85 306 317 126 161 84 401 7 348 269 271 130 3 57 363 304 159 435 101 467 24 395 72 60 185 172 300 350 71 269 475 39 352 173 130 127 78 288 385 104 500 226 5 191 104 234 125 459 67 155 155 294 413 445 459 288 313 401 71 269 84 358 301 309 60 273 229 161 147 206 206 228 482 348 98 255 259 375 144 100 407 26 426 23 402 414 52 102 169 246 312 466 115 198 168 201 473 357 56 369 265 257 150 243 310 143 290 459 337 253 474 432 383 5 390 474 265 115 108 
82 252 381 68 66 449 197 460 49 186 162 337 305 0 231 83 301 173 127 286 332 476 158 486 340 372 494 335 400 198 491 380 37 391 290 462 430 113 383 331 215 344 63 286 403 81 381 271 71 375 291 476 92 71 346 127 301 259 382 270 134 25 290 474 368 281 87 17 257 4 111 221 440 404 314 255 169 121 233 328 479 207 347 322 99 246 161 58 482 117 478 490 493 4 437 255 389 411 41 142 374 37 497 156 132 7 346 472 345 71 445 234 357 31 36 217 262 237 225 72 291 170 332 422 56 200 203 267 265 302 193 237 211 47 153 371 403 410 386 244 400 470 154 351 456 277 453 315 280 226 385 95 298 459 91 1 435 377 335 441 79 44 437 456 486 313 413 233 33 191 257 383 346 55 469 424 437 447 40 25 142 341 215 188 239 347 8 172 287 492 59 86 325 301 20 214 207 60 341 245 
423 4 117 151 80 9 477 59 441 405 437 443 421 231 0 462 249 386 214 229 254 480 81 378 113 95 15 124 153 16 43 12 19 436 385 302 198 75 398 412 302 37 183 170 458 226 40 298 300 303 64 138 193 250 333 270 416 265 211 293 182 317 484 180 475 328 99 215 341 63 454 162 352 437 293 461 123 84 384 310 384 138 274 200 193 322 72 16 70 48 297 3 390 370 471 472 42 241 281 295 467 176 213 314 321 20 231 454 117 156 176 432 359 121 187 79 270 212 77 438 357 297 213 399 186 157 93 278 361 331 405 353 314 46 18 17 153 438 441 314 445 413 449 264 405 86 158 481 136 416 5 267 129 213 160 414 424 385 74 154 399 358 454 238 315 279 95 336 362 194 128 494 58 49 368 67 21 468 48 150 196 403 398 150 310 350 93 271 403 487 271 318 439 183 418 339 101 461 52 252 
3 333 93 4 264 379 60 480 330 24 442 275 415 83 462 0 29 142 252 234 355 486 230 267 27 304 226 369 53 122 182 150 393 114 228 481 368 125 172 156 86 266 295 84 495 151 380 158 310 489 32 66 176 373 467 456 62 230 69 458 5 497 164 241 444 261 38 344 9 184 400 213 265 173 90 438 18 388 453 360 429 292 445 311 311 86 141 388 88 487 461 281 44 427 34 312 94 400 252 450 461 279 210 202 223 69 318 407 385 185 29 80 179 461 223 76 490 226 448 481 384 416 296 236 357 291 365 168 50 492 359 178 304 249 488 498 25 219 499 35 6 32 245 453 425 256 361 261 394 121 219 318 53 458 472 263 328 442 114 25 86 348 105 195 64 161 257 142 56 493 164 408 488 397 126 29 103 291 107 52 144 327 414 147 15 159 400 339 36 210 119 15 48 131 494 457 212 308 168 336 
47 333 29 50 381 74 197 328 362 405 417 305 447 301 249 29 0 24 360 349 146 131 222 76 272 217 29 470 426 311 124 129 377 12 164 493 483 255 401 101 183 350 356 288 212 166 211 8 449 456 392 98 413 433 429 383 59 344 286 215 148 407 21 90 84 105 220 177 251 453 301 166 490 478 390 5 493 285 114 197 12 198 262 465 408 84 414 218 182 129 229 365 272 393 252 159 6 178 175 383 237 295 167 301 308 489 450 424 124 379 491 284 223 417 245 10 373 473 50 135 347 288 377 202 142 172 278 327 48 432 482 50 77 142 237 375 427 9 106 79 219 198 41 456 440 103 216 301 85 181 186 70 173 108 100 264 391 97 287 222 275 391 190 125 444 47 224 141 47 234 280 263 180 441 191 29 188 62 153 415 363 487 149 342 194 446 120 349 439 460 194 102 418 398 454 64 50 262 318 235 
315 339 472 200 183 325 298 495 359 120 154 186 492 173 386 142 24 0 284 432 243 27 197 251 93 454 154 423 136 435 63 363 243 154 358 230 10 10 498 4 138 358 374 116 29 329 148 232 185 176 169 441 119 180 251 216 125 313 192 134 346 453 84 478 246 90 28 455 196 61 67 414 488 14 202 29 272 391 27 98 467 365 146 167 386 288 111 369 395 322 318 466 64 69 358 195 415 119 479 192 453 72 436 321 338 229 124 441 140 228 19 197 283 86 72 88 370 174 335 190 232 330 211 6 175 390 361 74 482 89 401 76 411 371 180 302 7 292 28 478 194 327 490 60 231 6 219 254 249 422 270 103 198 318 217 165 165 31 106 369 156 236 399 318 48 43 169 379 43 125 465 82 94 182 350 415 382 174 275 282 55 370 54 477 76 401 343 172 120 116 146 30 124 175 491 195 196 433 57 20 
281 135 86 269 120 339 476 73 126 359 330 347 91 127 214 252 360 284 0 220 284 152 20 104 294 46 183 284 24 339 361 170 117 111 128 380 325 263 78 229 274 72 201 46 405 109 57 38 141 290 136 38 458 467 377 88 174 62 483 465 370 426 251 326 18 157 315 346 470 313 253 283 145 14 222 63 308 99 323 109 27 102 86 223 468 454 59 13 338 426 126 425 412 463 282 110 185 194 243 441 349 493 388 173 375 142 131 290 148 222 483 293 209 16 172 228 268 322 291 444 313 200 122 144 229 294 352 457 491 15 65 356 108 469 495 392 118 166 156 318 74 153 97 328 61 343 144 235 445 441 121 53 131 487 174 77 285 175 432 156 63 202 376 9 23 68 404 36 36 332 225 217 114 480 295 305 216 186 194 148 218 347 414 109 333 431 181 156 428 276 64 348 289 126 217 44 8 285 268 300 
271 279 115 422 199 264 295 415 35 52 243 73 391 286 229 234 349 432 220 0 300 427 459 30 182 205 278 162 65 435 463 102 441 242 357 485 468 212 237 288 386 183 356 22 313 447 75 334 105 276 59 484 86 277 174 281 74 246 316 193 255 268 34 455 97 487 458 154 93 51 131 360 272 394 491 23 37 114 382 476 491 361 68 486 81 248 384 467 469 433 251 41 194 155 437 294 306 112 45 192 271 208 349 232 81 321 220 45 121 364 16 293 476 26 410 307 477 243 295 63 427 11 495 201 44 353 148 432 318 308 265 276 76 480 69 242 191 292 365 134 484 224 299 338 2 421 16 51 476 205 310 20 394 138 29 21 229 409 86 407 17 432 87 185 87 205 169 206 363 48 317 187 301 12 499 388 144 358 141 422 287 116 28 266 197 389 405 198 427 157 118 485 420 4 298 298 392 261 219 414 
304 91 119 435 47 90 52 171 345 10 385 135 160 332 254 355 146 243 284 300 0 239 243 39 454 5 331 330 447 110 314 357 226 126 498 241 207 44 249 247 283 76 224 53 160 175 208 9 96 87 62 484 135 347 446 64 35 288 76 450 245 241 431 59 369 218 411 439 221 30 119 246 177 371 22 149 149 66 392 147 164 275 64 425 112 95 141 494 383 100 431 464 240 10 14 461 361 296 453 305 169 129 316 167 133 266 255 108 399 6 69 463 187 67 261 201 66 276 225 4 302 146 368 419 115 25 32 99 313 98 265 219 383 200 68 342 257 470 413 75 81 45 416 25 449 83 184 162 195 63 8 335 448 392 147 312 282 23 120 325 436 374 22 255 174 484 18 175 4 454 280 144 94 362 272 226 339 449 407 357 173 15 217 304 326 60 320 81 376 377 74 317 44 380 441 183 329 105 223 140 
380 170 298 420 85 438 329 274 270 466 249 381 237 476 480 486 131 27 152 427 239 0 181 443 423 351 63 270 142 273 348 301 40 26 151 72 491 292 296 131 227 113 261 92 356 69 53 378 278 470 113 70 156 282 450 421 203 180 340 217 196 200 64 280 233 110 255 58 382 256 68 344 495 237 27 306 92 398 479 141 328 274 266 268 201 215 319 132 267 59 3 281 265 355 182 36 176 240 89 177 359 220 204 193 43 230 492 289 72 439 441 447 424 452 5 472 158 124 153 74 53 361 357 173 347 411 496 229 97 245 233 20 303 279 117 433 77 312 197 443 249 149 158 84 439 56 23 337 241 265 164 6 287 405 434 240 102 360 400 24 262 149 246 57 9 99 71 75 92 150 413 306 241 304 452 346 285 332 490 400 77 463 419 442 484 456 492 457 355 13 392 95 479 172 158 143 188 415 184 390 
438 485 410 429 29 67 207 472 277 104 297 271 335 158 81 230 222 197 20 459 243 181 0 375 355 136 46 330 3 246 36 412 221 54 84 207 114 334 157 448 222 14 436 95 2 72 123 93 228 482 15 462 34 422 404 498 486 89 465 463 162 64 465 311 361 337 191 88 184 179 182 274 358 213 420 476 280 139 298 487 426 202 294 371 331 106 402 325 43 221 498 249 19 33 451 11 84 439 408 90 211 73 305 343 464 25 283 313 121 396 316 87 72 283 482 365 254 407 428 8 476 208 211 462 132 381 319 79 418 437 304 496 300 489 74 328 86 116 36 89 116 245 384 353 166 164 465 310 319 348 282 487 176 453 305 40 379 437 405 122 87 383 331 4 129 251 293 188 215 375 320 449 181 192 214 289 404 261 11 487 115 301 22 494 483 84 112 86 459 131 49 288 8 307 325 226 446 32 24 174 
290 461 365 475 479 148 358 341 321 449 95 472 278 486 378 267 76 251 104 30 39 443 375 0 286 421 408 201 48 344 26 434 177 467 272 89 298 494 465 47 179 458 99 366 392 496 102 261 295 215 2 188 68 359 88 324 180 97 209 320 271 409 48 369 71 151 282 225 97 4 185 454 494 157 365 311 16 166 420 265 257 90 464 331 384 111 63 466 225 474 262 442 226 196 19 211 368 159 457 416 309 260 14 313 102 489 139 14 491 376 368 64 399 390 194 8 351 18 285 217 192 348 240 369 107 118 180 120 46 313 98 100 304 41 42 11 122 490 287 234 296 464 321 460 421 51 57 489 499 160 347 483 298 244 449 67 428 185 284 292 275 413 387 125 20 480 117 222 120 422 306 395 233 369 158 295 216 487 304 454 427 471 100 458 206 412 326 164 26 14 92 463 425 234 390 258 467 61 343 411 
446 430 303 207 239 363 21 442 198 339 95 206 310 340 113 27 272 93 294 182 454 423 355 286 0 106 273 326 81 422 130 268 450 376 85 65 1 303 234 155 128 24 328 444 456 56 321 369 409 57 29 54 175 224 119 84 332 35 258 109 45 303 389 48 343 186 211 355 140 369 86 379 265 304 195 6 399 494 422 393 443 430 25 210 469 441 340 461 28 307 319 50 201 138 389 401 433 127 207 72 295 433 14 395 431 46 444 349 115 137 237 445 418 498 428 73 148 338 262 354 331 270 123 178 127 8 477 241 219 375 391 496 305 376 357 88 478 194 231 443 390 100 286 317 227 410 421 239 131 206 277 397 360 215 66 154 67 314 97 486 238 301 60 289 423 149 306 97 45 135 439 390 174 322 192 308 301 9 161 187 254 405 124 487 26 377 270 271 427 280 298 64 64 473 483 498 315 272 403 321 
279 218 320 468 43 312 466 241 11 257 339 435 395 372 95 304 217 454 46 205 5 351 136 421 106 0 63 205 178 426 81 58 179 223 111 335 283 280 264 366 397 275 28 440 80 458 278 448 230 411 313 153 410 52 63 337 41 416 249 183 283 418 389 388 72 379 166 123 399 263 325 91 41 172 354 31 74 272 356 180 144 471 139 298 65 262 160 6 467 297 112 295 317 368 40 208 298 96 14 304 97 263 14 152 351 345 280 222 50 406 59 159 392 193 235 61 151 321 16 10 276 134 447 211 70 409 139 237 385 204 244 1 442 292 321 190 475 220 374 32 36 186 451 388 429 38 333 289 343 308 453 151 418 358 341 46 58 308 459 14 464 43 481 37 474 242 151 418 412 480 490 423 288 70 259 192 311 472 204 27 298 182 209 303 192 156 168 361 22 464 431 397 266 456 392 428 212 391 324 119 
65 89 251 450 93 126 473 370 132 442 433 109 372 494 15 226 29 154 183 278 331 63 46 408 273 63 0 14 67 272 305 285 147 375 214 194 469 159 13 146 285 435 407 250 473 91 164 431 410 156 65 124 299 181 384 150 397 73 145 482 181 153 31 234 143 353 419 339 13 46 182 494 344 196 477 95 13 65 404 482 309 395 18 474 431 92 312 259 301 44 421 370 277 357 401 70 412 412 91 105 92 255 161 428 467 471 96 81 236 330 480 96 461 75 76 350 222 409 315 485 30 299 438 85 72 394 158 453 445 438 335 455 205 212 277 7 144 154 418 416 360 417 233 422 296 286 378 392 49 452 189 254 390 313 262 382 36 65 494 269 363 476 76 453 358 385 49 269 250 51 168 156 363 147 451 335 377 283 385 339 297 83 427 466 72 476 26 370 402 459 43 132 421 239 61 262 64 278 191 228 
107 259 304 217 4 138 217 125 230 288 86 451 273 335 124 369 470 423 284 162 330 270 330 201 326 205 14 0 42 383 139 211 479 128 367 437 400 484 378 32 358 202 218 498 149 91 436 10 157 456 386 382 7 102 354 151 345 436 116 374 159 288 196 342 200 260 158 55 194 472 458 413 132 249 444 203 77 375 265 113 46 222 48 86 141 106 342 488 230 443 429 174 123 313 274 161 275 228 450 246 222 495 47 26 28 200 184 412 195 461 359 343 75 214 1 37 477 453 231 243 257 422 430 72 340 423 379 133 213 9 309 290 78 462 384 17 462 75 212 432 224 392 134 214 4 178 162 255 300 12 48 486 469 34 118 488 98 495 86 73 279 369 251 195 489 449 34 134 357 429 497 46 269 131 75 93 354 150 391 485 30 315 141 391 420 481 182 318 67 320 41 148 497 361 234 197 316 194 377 225 
61 70 28 265 167 47 78 337 276 444 406 275 232 400 153 53 426 136 24 65 447 142 3 48 81 178 67 42 0 144 357 203 14 317 48 239 198 400 453 496 201 218 57 176 234 170 2 11 436 302 106 460 378 147 330 165 255 51 101 117 241 264 494 191 72 238 434 251 97 180 199 229 102 48 99 142 389 288 377 187 191 238 470 130 131 269 408 391 58 322 237 277 233 164 13 15 434 285 489 309 213 484 292 288 114 338 464 347 334 349 422 487 411 196 448 408 131 159 16 209 21 385 333 199 355 298 127 426 290 94 330 179 318 365 421 316 389 39 342 418 150 437 496 385 397 376 487 221 450 373 365 360 282 134 283 47 362 130 88 369 305 183 486 200 37 130 68 402 308 233 84 305 16 145 495 50 429 365 450 66 14 222 455 30 212 92 149 305 111 129 187 486 122 453 402 277 344 346 1 79 
60 82 386 410 91 129 130 21 428 81 209 317 288 198 16 122 311 435 339 435 110 273 246 344 422 426 272 383 144 0 474 135 206 276 215 72 354 344 264 129 111 12 100 277 74 349 402 417 151 277 59 275 252 114 360 189 435 391 67 337 279 325 221 95 389 421 131 324 46 328 133 19 162 196 334 365 301 395 173 398 179 88 268 54 154 282 116 58 358 88 385 185 249 66 108 93 477 149 250 18 87 254 247 269 206 326 197 74 2 188 74 458 283 182 397 459 299 220 462 109 356 487 329 230 48 170 419 245 479 191 159 276 27 74 290 495 263 182 21 245 332 198 377 153 179 325 210 494 135 348 447 274 31 278 281 70 100 453 166 296 68 96 46 230 459 431 426 195 263 113 487 482 238 335 82 171 247 101 72 166 148 285 96 370 397 219 474 59 121 175 89 127 79 236 201 17 12 166 292 251 
362 293 251 410 235 382 5 479 166 299 460 73 444 491 43 182 124 63 361 463 314 348 36 26 130 81 305 139 357 474 0 54 38 131 143 453 458 416 334 30 417 448 495 363 343 412 94 381 140 493 312 114 41 151 251 14 300 17 284 358 316 5 429 395 446 338 345 1 371 333 96 236 498 405 4 344 32 373 28 327 441 276 198 372 203 45 313 37 300 487 185 203 109 157 375 463 398 346 464 193 321 12 43 237 391 114 229 195 53 435 135 491 92 109 348 477 255 189 90 477 68 205 383 297 474 315 120 344 24 243 132 131 2 360 395 68 463 344 208 56 307 29 262 43 134 134 147 299 240 228 495 327 256 369 47 426 31 25 77 42 24 471 239 205 54 10 4 429 400 468 492 111 387 63 137 69 177 341 240 498 145 32 71 244 335 275 355 415 97 309 40 473 170 322 434 94 60 321 356 185 
413 26 1 158 92 228 45 195 200 498 107 268 126 380 12 150 129 363 170 102 357 301 412 434 268 58 285 211 203 135 54 0 209 460 136 79 83 424 375 66 402 74 30 23 401 200 495 49 98 325 492 130 184 164 191 468 303 438 124 267 51 380 70 363 219 395 205 220 379 472 469 448 61 27 176 112 387 55 76 227 157 18 152 475 500 67 88 272 334 317 472 482 2 498 395 156 77 451 272 332 456 45 297 42 475 246 96 292 423 150 257 427 446 458 36 392 448 467 178 44 245 304 399 285 332 217 215 419 251 404 416 253 189 458 120 88 37 128 467 379 280 261 112 462 218 348 352 364 125 294 286 356 89 98 87 11 408 300 48 173 31 137 225 360 150 2 82 242 208 424 221 479 169 393 350 309 47 496 318 412 326 450 124 196 487 248 471 286 41 241 42 103 23 129 295 68 103 445 209 72 
413 338 311 180 293 273 47 163 469 300 72 21 273 37 19 393 377 243 117 441 226 40 221 177 450 179 147 479 14 206 38 209 0 23 233 50 485 250 276 312 110 327 308 159 96 38 319 283 465 134 158 248 22 487 259 480 55 159 465 229 332 10 31 410 61 82 9 403 81 126 368 471 170 272 292 105 16 446 256 239 478 291 78 370 424 447 298 277 43 187 329 138 145 29 481 476 107 61 54 487 239 347 352 433 459 416 61 398 310 428 97 351 463 292 115 48 483 68 32 480 244 177 8 142 42 11 493 84 22 201 25 268 221 408 138 437 110 115 325 286 155 61 151 359 65 41 225 252 479 443 358 270 497 19 389 368 93 2 240 289 29 318 428 466 77 247 364 357 420 43 399 24 268 113 207 388 341 12 214 206 483 109 402 460 308 423 462 450 409 247 374 34 269 296 122 64 147 251 392 195 
13 69 303 28 223 284 103 400 366 341 448 263 485 391 436 114 12 154 111 242 126 26 54 467 376 223 375 128 317 276 131 460 23 0 351 197 197 375 404 51 28 444 262 250 244 397 353 49 16 497 344 421 318 30 142 183 21 140 295 88 318 299 59 250 314 91 29 392 237 113 358 33 355 417 213 369 324 65 239 192 278 460 440 363 149 260 480 442 285 313 74 220 76 166 231 20 445 315 244 264 136 14 464 418 404 79 494 54 317 212 77 410 492 60 90 420 250 296 150 355 246 144 488 287 310 421 369 282 329 269 449 270 115 368 95 255 370 86 318 60 437 93 93 22 191 143 457 85 16 306 421 444 461 102 333 455 286 75 470 201 235 490 262 187 495 468 161 291 421 475 314 214 250 226 303 293 132 185 365 169 445 463 99 428 463 43 318 459 118 396 318 391 160 146 466 112 200 117 115 468 
20 390 470 195 258 386 402 387 443 240 317 338 436 290 385 228 164 358 128 357 498 151 84 272 85 111 214 367 48 215 143 136 233 351 0 205 168 22 410 172 384 11 432 300 297 303 304 135 448 29 223 263 204 67 105 276 413 488 408 327 40 5 461 253 126 446 423 346 468 399 116 473 97 311 93 406 223 425 443 286 451 96 437 347 205 117 270 79 410 341 255 184 106 491 474 282 313 183 489 442 61 314 367 274 155 84 377 387 337 46 359 201 169 223 377 178 49 421 400 198 431 31 378 409 412 196 207 12 4 393 193 70 18 52 271 45 104 3 329 408 149 149 145 283 307 372 42 195 121 345 13 155 276 498 172 403 157 61 39 275 33 185 259 284 289 309 5 110 250 29 440 360 300 378 214 38 78 46 128 315 191 168 195 325 4 472 474 295 174 185 170 1 242 205 104 112 209 199 316 144 
192 406 294 3 267 393 133 124 172 12 282 177 343 462 302 481 493 230 380 485 241 72 207 89 65 335 194 437 239 72 453 79 50 197 205 0 154 410 145 360 65 44 301 71 202 286 27 431 408 84 105 433 430 473 69 441 429 337 117 222 480 136 343 61 498 247 22 174 137 186 327 252 351 118 460 91 409 169 325 412 308 202 470 58 130 310 184 424 21 447 221 72 105 205 285 113 254 394 12 78 277 185 311 106 197 239 64 408 434 317 302 103 307 44 89 127 434 78 495 52 181 107 140 287 481 174 434 228 462 493 243 86 410 23 369 220 278 207 309 433 21 386 437 328 205 45 331 421 434 165 121 361 273 79 356 204 482 346 489 340 487 312 245 278 129 106 219 117 397 490 210 179 422 74 402 385 185 57 133 73 476 247 127 112 294 282 167 261 489 62 346 364 79 35 116 88 286 130 23 47 
437 217 379 192 211 384 257 389 473 20 203 479 260 430 198 368 483 10 325 468 207 491 114 298 1 283 469 400 198 354 458 83 485 197 168 154 0 493 215 102 261 397 117 64 50 312 343 6 65 166 287 22 293 375 306 195 498 391 203 94 186 368 257 26 300 491 78 390 487 139 177 141 393 214 289 486 75 34 82 29 234 368 39 263 121 277 399 380 59 82 188 20 173 371 490 215 50 110 224 371 141 38 333 303 395 148 405 427 188 183 367 352 265 201 47 251 36 396 477 483 185 469 476 104 167 484 156 492 325 268 129 467 437 26 306 385 185 481 317 339 95 471 203 194 197 45 141 330 207 261 119 87 222 463 65 23 486 487 96 239 464 348 146 119 34 73 381 2 284 6 420 372 478 496 12 347 419 37 443 294 28 33 67 92 116 483 491 148 426 44 61 404 158 491 414 219 313 283 7 91 
240 303 296 3 162 148 273 63 113 203 4 103 481 113 75 125 255 10 263 212 44 292 334 494 303 280 159 484 400 344 416 424 250 375 22 410 493 0 313 20 143 371 496 236 128 172 174 72 362 378 121 4 228 221 415 458 331 45 258 200 219 10 450 95 362 99 384 389 299 411 498 330 456 374 282 56 300 98 54 300 98 265 333 103 174 17 269 323 200 478 230 384 149 148 233 316 210 40 84 261 36 39 163 251 371 116 449 198 191 128 4 133 138 83 239 389 139 342 430 21 250 402 66 408 347 479 251 69 464 267 475 399 158 372 235 105 434 27 84 292 377 334 319 239 259 402 140 53 23 379 249 4 177 473 470 465 223 235 103 24 422 450 346 436 272 129 242 221 234 234 253 347 350 357 148 42 27 243 63 422 389 131 180 229 210 36 117 133 97 219 237 113 168 205 213 140 148 349 316 439 
5 385 293 12 390 128 185 70 342 417 85 285 490 383 398 172 401 498 78 237 249 296 157 465 234 264 13 378 453 264 334 375 276 404 410 145 215 313 0 398 56 496 258 14 409 489 228 298 68 263 452 463 423 281 165 123 136 164 371 209 302 452 21 78 92 318 410 222 389 186 102 90 9 332 301 189 274 194 236 216 285 219 235 137 397 208 286 224 12 240 23 208 428 400 195 315 119 131 278 89 429 188 65 16 306 254 134 107 305 464 267 214 249 141 495 467 19 221 73 364 97 454 314 160 109 84 337 333 236 347 409 15 470 254 190 419 352 233 300 416 424 354 276 15 259 460 87 172 73 179 17 430 20 389 352 44 430 359 408 372 341 388 101 423 329 422 344 83 250 218 224 176 125 269 480 129 60 337 1 136 164 45 117 350 107 107 129 253 44 431 128 465 275 402 283 407 149 330 406 330 
476 248 277 163 117 192 390 445 70 121 48 97 358 331 412 156 101 4 229 288 247 131 448 47 155 366 146 32 496 129 30 66 312 51 172 360 102 20 398 0 297 131 212 364 473 465 350 358 341 160 359 405 217 382 377 91 378 144 18 95 174 358 472 430 327 265 21 218 388 217 259 20 485 374 456 369 101 53 117 290 237 42 416 192 478 356 312 158 47 15 276 291 116 49 174 378 229 79 9 278 328 423 297 53 3 324 29 493 213 491 269 305 330 322 59 373 13 234 443 96 25 210 42 476 234 265 228 205 159 171 78 167 69 393 419 369 234 333 386 455 86 92 52 71 144 68 309 486 207 384 299 488 419 196 340 200 463 119 383 100 241 97 188 134 33 168 34 446 256 234 366 385 63 18 471 43 152 73 319 236 267 275 417 458 29 416 74 427 308 75 146 39 44 138 435 88 462 396 57 301 
207 395 460 138 410 130 139 269 399 81 54 209 333 215 302 86 183 138 274 386 283 227 222 179 128 397 285 358 201 111 417 402 110 28 384 65 261 143 56 297 0 343 332 192 331 61 285 286 467 269 355 375 491 221 480 342 166 351 290 33 34 346 448 283 287 81 302 46 105 418 324 413 491 465 410 467 250 65 259 17 380 357 163 396 283 415 171 127 314 78 216 387 312 221 405 318 397 313 324 381 423 282 300 33 111 285 230 178 17 131 158 442 103 223 467 434 307 16 123 333 142 98 66 189 468 150 466 32 215 143 164 434 446 257 275 356 295 164 26 197 420 386 51 95 251 121 469 173 424 12 212 26 428 491 191 377 122 420 500 463 372 422 11 329 241 367 301 330 217 157 13 275 160 26 360 269 226 246 93 431 157 212 416 285 492 36 416 270 306 388 230 409 290 445 279 327 38 455 31 409 
65 288 135 287 496 131 84 161 51 30 321 382 203 344 37 266 350 358 72 183 76 113 14 458 24 275 435 202 218 12 448 74 327 444 11 44 397 371 496 131 343 0 89 14 380 48 354 319 357 16 218 243 493 157 196 243 314 192 189 207 44 69 470 480 229 425 179 453 108 319 234 183 220 57 163 181 294 35 31 101 167 143 207 199 46 435 391 55 86 339 416 171 356 360 475 195 421 322 40 132 366 328 386 36 225 244 231 299 396 137 136 281 264 218 464 149 360 481 260 416 17 326 109 292 107 110 97 100 84 170 160 113 147 12 220 318 4 449 120 204 306 138 26 336 477 64 46 71 267 142 483 416 488 260 242 130 29 169 26 333 345 299 118 473 272 162 121 154 117 157 202 428 121 205 474 314 484 263 300 390 324 401 404 464 486 257 327 438 332 272 367 102 184 294 281 234 286 199 142 487 
114 34 162 345 184 367 403 86 248 485 234 194 267 63 183 295 356 374 201 356 224 261 436 99 328 28 407 218 57 100 495 30 308 262 432 301 117 496 258 212 332 89 0 226 364 382 198 412 389 166 335 316 154 363 475 317 372 32 290 98 439 418 166 201 34 138 187 433 498 304 362 465 180 498 84 92 70 109 437 228 120 202 87 355 337 161 140 259 301 39 445 13 437 105 460 300 455 271 436 274 13 133 271 307 293 68 30 81 285 369 261 96 216 96 329 335 165 408 147 387 68 261 298 21 390 21 159 266 416 112 269 241 198 2 317 41 358 397 230 158 28 185 485 17 373 278 391 340 252 107 201 168 186 201 42 13 444 333 299 215 181 422 176 221 171 434 306 119 331 191 410 391 323 124 115 471 173 88 173 307 470 52 451 291 301 21 186 483 254 251 111 239 398 376 216 451 306 240 484 221 
490 362 451 24 339 283 83 308 78 139 372 64 422 286 170 84 288 116 46 22 53 92 95 366 444 440 250 498 176 277 363 23 159 250 300 71 64 236 14 364 192 14 226 0 298 323 117 450 203 287 356 411 81 285 145 25 447 324 496 176 191 52 63 26 481 23 22 407 97 61 20 19 237 23 46 253 479 329 217 105 210 317 106 271 441 38 347 133 69 293 376 468 266 286 324 338 295 435 152 263 192 481 288 368 353 172 130 349 226 408 397 227 392 395 461 458 484 433 390 123 482 120 77 36 71 379 441 218 375 313 318 330 478 53 292 288 303 367 322 368 24 424 165 292 306 242 208 357 323 467 455 338 87 254 32 480 282 153 207 64 405 22 33 106 133 106 372 424 494 77 151 397 491 406 348 374 16 118 333 330 451 54 294 472 44 432 119 124 210 93 234 379 78 466 4 65 220 386 441 271 
393 5 371 125 488 475 5 269 373 118 421 422 355 403 458 495 212 29 405 313 160 356 2 392 456 80 473 149 234 74 343 401 96 244 297 202 50 128 409 473 331 380 364 298 0 89 58 92 247 380 45 94 150 94 320 17 216 248 20 228 71 273 181 159 19 295 349 456 264 97 89 134 158 182 52 479 175 9 358 64 458 72 197 371 399 121 186 134 328 473 107 149 33 447 319 422 441 114 232 126 425 170 372 21 315 347 177 40 335 436 312 435 296 85 384 468 1 184 94 255 458 271 469 21 107 1 449 119 396 374 221 318 167 13 336 459 438 424 247 246 302 306 45 15 254 68 288 493 437 379 458 146 373 166 176 374 395 126 466 411 114 416 456 425 397 351 42 435 410 6 164 288 476 314 470 60 50 303 259 376 291 309 234 269 319 70 210 313 347 271 53 400 52 214 243 162 124 416 89 135 
432 478 336 194 107 323 408 428 229 248 58 173 409 81 226 151 166 329 109 447 175 69 72 496 56 458 91 91 170 349 412 200 38 397 303 286 312 172 489 465 61 48 382 323 89 0 88 69 243 432 111 414 291 272 129 206 308 366 248 86 415 281 15 273 469 10 269 144 183 137 394 374 52 63 459 450 115 437 305 472 213 10 312 316 499 297 164 323 113 33 93 328 34 33 160 450 263 210 315 208 118 115 51 135 16 484 114 199 298 416 373 454 217 425 34 489 375 229 54 336 14 267 215 163 163 72 427 159 319 225 493 187 407 275 158 369 432 99 403 419 355 342 80 140 312 153 85 159 490 104 423 59 14 278 103 226 414 142 466 340 276 441 161 61 389 1 80 82 263 405 241 374 40 181 188 38 471 236 126 312 201 405 124 436 284 98 347 158 435 180 406 317 186 312 30 68 195 125 407 410 
406 410 140 485 387 263 337 489 402 127 313 394 121 381 40 380 211 148 57 75 208 53 123 102 321 278 164 436 2 402 94 495 319 353 304 27 343 174 228 350 285 354 198 117 58 88 0 133 216 144 336 149 92 438 36 78 291 166 188 158 61 234 48 155 76 142 110 418 319 349 295 18 363 161 204 241 422 455 124 332 170 232 84 14 432 48 407 433 2 69 289 298 445 59 106 125 385 280 240 88 388 377 363 152 188 467 224 234 113 268 127 315 222 223 404 10 252 210 306 249 124 48 371 347 375 130 454 354 15 158 215 215 412 45 493 385 453 213 138 170 364 115 456 200 150 440 92 48 299 96 271 154 482 168 450 319 116 205 71 167 280 272 207 104 108 387 39 426 395 16 216 334 288 492 279 267 50 305 450 78 14 350 223 191 474 348 300 21 378 268 67 53 311 222 400 101 391 414 239 400 
130 483 500 46 231 416 79 290 265 127 171 436 70 271 298 158 8 232 38 334 9 378 93 261 369 448 431 10 11 417 381 49 283 49 135 431 6 72 298 358 286 319 412 450 92 69 133 0 319 343 486 299 442 122 398 463 340 343 289 90 34 98 466 313 64 356 452 44 314 31 184 165 61 208 481 90 372 111 212 342 101 14 233 429 327 455 248 399 258 180 428 114 193 438 186 392 291 312 194 272 26 431 299 320 302 32 148 494 356 441 462 207 188 201 499 376 392 166 396 347 362 44 191 218 17 448 452 211 259 188 74 376 58 133 420 500 128 97 106 276 342 345 373 358 98 425 85 80 29 159 42 247 30 265 413 8 230 179 217 469 148 307 397 317 401 27 189 349 453 408 69 439 27 239 215 77 418 61 50 273 77 62 18 201 460 272 436 131 250 161 315 276 203 345 224 344 491 231 380 177 
363 413 234 381 40 291 383 173 390 34 90 340 233 71 300 310 449 185 141 105 96 278 228 295 409 230 410 157 436 151 140 98 465 16 448 408 65 362 68 341 467 357 389 203 247 243 216 319 0 10 73 256 22 301 15 140 58 305 335 210 472 320 231 291 474 173 99 110 272 191 401 464 160 244 327 376 496 209 88 401 457 353 299 396 105 252 42 180 408 487 324 139 487 486 248 460 498 6 379 291 155 362 381 265 60 158 133 431 101 382 170 291 326 357 395 225 308 160 167 253 149 262 457 169 415 250 422 255 367 120 348 346 44 267 60 200 330 403 492 225 276 282 273 223 87 217 274 488 287 3 212 158 219 500 15 391 142 231 288 41 339 495 343 146 242 106 373 137 239 8 484 351 427 126 421 3 204 447 448 437 241 453 476 79 467 139 129 151 344 494 108 315 336 430 303 73 89 274 234 324 
6 40 431 345 459 48 176 175 244 184 43 99 131 375 303 489 456 176 290 276 87 470 482 215 57 411 156 456 302 277 493 325 134 497 29 84 166 378 263 160 269 16 166 287 380 432 144 343 10 0 470 73 43 162 249 77 363 69 307 384 32 330 404 377 235 81 157 188 283 55 485 50 371 207 446 47 268 15 466 361 31 393 118 267 454 266 225 242 78 492 189 182 242 436 53 339 240 111 468 226 312 466 319 353 291 479 419 286 379 369 293 153 130 358 193 329 351 30 130 174 267 477 309 318 394 30 1 97 220 1 492 405 403 5 388 305 310 26 170 409 381 39 28 131 372 117 121 69 224 80 25 373 362 360 288 88 409 394 102 104 381 464 237 443 94 52 24 252 97 378 277 496 117 437 170 470 76 450 240 369 409 298 261 281 18 112 412 108 307 321 247 9 405 98 121 131 275 242 349 485 
