180
580 5973 245 4499 4645 4227 1346 81 7588 7315 4596 5230 6988 8441 119 8556 3372 5142 7552 5500 7715 8624 2100 5469 1477 5841 4304 7569 9661 6658 5258 3541 9859 958 1475 8987 2750 3010 6136 6478 2029 2964 5931 6643 4216 7812 5219 5830 1340 6642 1714 1430 1941 7559 432 8467 8381 6092 5101 3537 916 7435 8762 4691 1509 7378 7784 8370 2839 9258 6000 6961 500 6780 8186 3093 8823 5056 4617 9249 3326 4689 889 3796 5236 6269 9758 7024 6059 5110 4191 3290 2671 8570 3361 7855 5895 809 5796 9521 8031 2316 6409 2640 7310 4064 6618 4616 9745 8619 9292 7465 1336 3061 2715 4552 6111 1051 313 6081 7962 3899 5349 9445 6754 2963 2303 3013 1663 8231 9168 4470 7224 435 7366 7286 52 6523 8516 1408 6705 854 9757 6785 5657 6943 1866 805 8856 7109 6869 3234 824 9870 4379 4773 5778 7417 8364 7799 5742 8033 8586 405 5102 772 3408 7321 9599 2272 3199 3817 203 8019 6053 1173 4857 2925 43 4819 
178 428 437 437 233 342 456 111 157 133 193 376 167 1 89 484 107 470 180 92 6 292 101 118 77 14 388 113 290 451 300 201 302 421 486 275 138 252 472 241 150 164 31 255 398 268 174 488 227 63 77 128 451 407 418 384 137 86 199 465 179 230 273 49 398 429 410 454 85 54 361 294 17 391 500 57 67 335 274 167 219 13 268 193 351 325 382 31 334 14 167 462 82 24 62 171 336 495 354 385 67 401 320 437 43 435 147 196 178 400 329 410 472 458 386 142 407 234 365 106 349 394 201 333 83 445 159 213 276 106 189 113 241 264 148 350 54 113 492 468 147 237 131 366 165 483 290 458 482 140 340 167 402 15 185 190 181 173 407 76 167 194 12 313 428 436 243 216 417 438 35 50 305 185 325 441 267 118 66 260 
0 105 371 384 279 253 361 482 29 289 460 499 420 247 135 148 295 112 30 107 231 34 116 249 6 397 157 406 299 35 337 28 299 467 76 172 12 200 113 429 227 233 127 483 164 44 253 148 3 444 478 343 94 348 51 86 278 82 133 220 363 16 61 214 459 424 222 484 448 81 146 341 46 255 67 255 482 372 315 289 9 236 34 154 15 343 341 473 194 433 167 466 311 47 156 390 255 498 98 200 174 272 31 9 128 9 241 65 310 338 35 76 24 465 272 348 211 39 279 317 464 436 381 194 81 250 432 49 338 371 312 301 286 190 34 201 500 65 184 14 337 335 72 240 387 273 86 330 406 495 353 497 181 493 468 305 369 40 146 409 490 393 295 370 387 289 116 161 71 405 496 54 14 48 30 236 72 465 190 111 
105 0 331 313 248 371 319 419 190 53 126 121 500 416 126 76 294 93 89 62 435 111 132 427 352 489 46 447 457 251 185 11 118 300 229 129 343 273 239 442 382 42 66 483 140 243 292 96 381 255 10 44 341 247 360 442 496 475 400 295 348 192 466 43 226 110 346 121 213 14 179 207 447 229 155 408 159 287 171 293 445 245 277 305 383 243 311 174 241 18 297 143 144 198 287 360 189 355 438 7 128 381 266 271 358 421 120 465 93 174 76 173 196 51 26 456 302 251 425 265 471 477 217 329 229 132 152 423 2 449 270 41 52 139 4 105 162 277 446 15 427 255 452 404 165 265 399 149 38 396 26 266 141 62 400 482 434 84 199 358 481 410 112 17 148 27 285 94 471 309 376 204 88 110 378 319 204 80 45 71 
371 331 0 222 284 320 146 277 334 341 20 35 371 199 455 263 355 243 271 269 263 380 38 471 379 408 471 449 42 67 414 483 289 124 452 184 494 395 286 472 208 294 149 252 35 54 167 303 5 451 174 468 40 445 151 418 202 300 41 330 84 364 350 494 289 301 58 448 83 224 481 392 448 271 366 253 346 302 112 379 181 30 138 492 28 17 59 137 341 69 429 495 493 245 452 50 76 249 196 232 85 160 442 274 171 41 456 149 302 110 72 88 307 284 114 281 373 17 306 24 216 487 441 152 253 321 210 281 249 151 211 451 9 441 291 423 343 131 491 497 123 280 493 346 406 23 92 474 200 250 346 45 95 86 169 457 77 335 276 142 9 196 488 216 342 188 67 216 286 326 336 300 261 248 485 393 105 64 101 402 
384 313 222 0 108 401 49 236 97 155 497 9 401 163 466 405 157 81 449 330 47 401 222 99 169 170 142 4 391 79 323 285 132 234 209 93 173 39 200 206 195 240 94 355 390 314 264 162 98 11 59 295 63 469 121 89 16 464 350 4 415 475 444 402 316 368 24 271 448 118 495 130 212 146 424 484 434 429 312 329 335 199 318 307 307 158 45 275 201 264 191 138 462 269 451 442 87 306 190 354 463 471 48 257 324 436 234 333 152 283 422 137 477 366 267 255 172 121 187 313 449 389 183 188 389 425 109 424 479 399 395 456 223 317 384 403 56 430 64 283 387 283 65 142 231 239 486 227 27 391 155 431 338 412 136 385 277 44 351 186 125 3 361 385 212 256 444 458 287 206 241 161 209 468 380 218 406 56 94 5 
279 248 284 108 0 217 385 472 428 297 165 145 402 436 355 268 390 261 484 353 146 388 272 81 380 247 99 383 238 415 12 169 60 415 60 248 65 66 403 74 172 106 238 99 358 399 223 121 14 223 215 172 438 187 229 64 197 17 204 395 231 30 220 395 183 269 3 146 79 372 128 312 103 397 478 171 320 431 146 332 360 451 76 160 157 22 379 75 9 29 372 472 304 303 31 190 422 84 146 23 416 411 125 448 229 154 492 328 297 18 253 487 47 485 457 198 393 281 351 210 485 68 212 99 64 211 15 346 432 75 255 155 138 435 343 163 129 212 141 321 244 375 307 337 16 466 253 206 431 330 161 480 364 269 92 48 64 457 377 322 191 60 105 356 3 172 111 48 455 258 48 195 62 446 203 297 29 138 369 142 
253 371 320 401 217 0 253 10 207 310 456 122 136 383 303 472 454 239 494 458 481 479 465 329 144 110 426 329 91 281 98 397 469 446 166 346 218 3 33 141 268 38 143 463 227 453 224 411 216 383 458 290 172 416 173 86 39 270 331 316 406 199 143 123 267 26 331 36 218 327 145 17 7 416 374 485 5 399 217 158 264 204 19 178 478 99 472 102 275 362 34 461 388 359 433 246 390 444 244 256 297 189 155 410 471 112 171 229 370 151 116 322 334 315 436 346 205 498 399 12 215 134 463 356 190 461 151 114 265 272 449 156 391 205 325 69 88 205 124 88 477 428 201 239 295 496 285 120 168 122 191 428 102 251 121 445 221 492 424 300 452 244 308 488 444 28 112 217 169 192 395 309 240 236 196 473 147 187 465 425 
361 319 146 49 385 253 0 189 20 278 437 66 288 79 25 150 229 325 106 143 259 4 102 406 352 170 57 408 480 217 488 332 372 273 312 23 496 194 291 98 280 284 105 117 236 480 243 402 239 372 60 162 381 41 455 236 408 345 266 384 393 391 74 181 422 46 272 191 192 10 348 232 28 30 472 148 1 36 99 161 376 28 415 469 338 241 102 402 468 183 499 55 167 289 366 475 261 77 95 50 209 272 327 437 431 34 57 435 401 29 443 367 286 201 152 154 19 250 200 376 342 421 387 265 454 356 16 159 52 372 251 132 146 159 61 68 192 5 353 139 169 312 478 221 400 247 478 439 481 31 8 143 379 493 37 238 319 103 27 437 248 383 434 102 266 171 486 484 55 351 332 300 454 309 258 179 441 463 327 183 
482 419 277 236 472 10 189 0 443 370 387 192 468 29 34 84 242 114 254 269 91 6 68 257 494 127 138 56 304 174 440 344 315 14 187 455 422 94 360 373 288 370 299 21 35 353 438 293 114 43 404 375 113 84 300 29 421 168 154 159 260 271 103 77 229 489 24 24 142 331 463 133 64 457 307 136 49 486 287 240 244 114 33 229 132 405 5 480 303 254 274 180 285 134 219 191 83 370 376 114 191 309 250 216 483 377 77 50 13 143 94 180 353 121 51 68 258 200 287 307 56 165 339 9 279 452 168 259 183 361 204 214 447 107 61 10 420 196 376 286 474 233 351 255 76 430 219 382 389 149 472 340 265 3 292 48 180 107 302 236 246 236 319 71 78 253 462 37 416 299 72 371 13 364 23 485 463 474 151 422 
29 190 334 97 428 207 20 443 0 213 375 115 39 176 189 176 205 467 179 451 462 402 342 385 188 42 216 247 448 173 394 134 344 255 336 55 277 478 260 308 196 205 446 499 500 199 465 138 395 157 441 423 158 198 92 417 326 82 414 435 31 59 7 135 249 361 146 366 418 498 363 9 469 132 377 131 449 411 392 424 43 307 363 1 428 93 474 280 5 236 209 273 203 108 484 247 138 31 485 353 79 315 428 418 265 46 127 246 248 48 353 383 80 11 108 444 259 460 43 194 3 326 406 233 18 14 495 244 73 7 242 390 315 134 173 56 365 293 100 304 390 16 50 467 445 405 37 490 23 89 426 227 355 465 259 14 158 137 25 4 121 66 498 326 60 75 383 293 307 3 148 494 499 380 7 226 86 162 204 351 
289 53 341 155 297 310 278 370 213 0 471 180 319 300 352 56 466 44 442 3 384 4 359 26 30 487 135 173 417 349 389 100 65 229 336 371 66 314 458 494 361 217 239 349 489 187 47 289 169 474 320 298 200 323 370 246 313 177 242 375 199 300 165 293 92 151 291 386 391 486 23 154 453 254 346 127 275 11 248 145 456 183 374 375 421 141 247 121 15 176 465 43 229 70 447 82 414 127 390 483 466 100 252 431 120 105 193 457 82 248 21 392 362 277 321 251 316 242 89 86 498 238 273 453 75 434 307 256 164 251 288 386 95 113 123 156 200 390 65 198 390 226 190 90 365 88 9 106 475 10 2 116 323 96 15 295 373 23 71 393 417 343 276 482 402 84 124 197 224 203 127 122 247 123 337 86 390 176 419 283 
460 126 20 497 165 456 437 387 375 471 0 307 429 104 224 244 461 426 174 333 314 326 360 196 450 277 322 332 176 247 463 419 118 430 414 270 469 302 16 306 325 166 293 43 87 15 462 209 17 121 108 233 140 416 312 468 346 347 122 151 150 495 399 208 184 407 175 150 148 183 305 428 47 496 307 231 173 368 422 365 427 99 29 423 183 442 194 145 32 174 262 443 373 378 494 207 426 373 420 145 392 334 168 15 80 290 161 244 476 300 235 52 329 242 283 321 477 263 242 86 233 78 285 114 308 412 270 230 346 25 77 85 287 370 108 275 391 60 358 272 389 459 70 304 340 315 132 419 409 497 477 92 404 15 398 391 25 124 294 285 423 446 489 370 269 161 419 357 170 451 60 325 405 498 135 353 51 465 248 274 
499 121 35 9 145 122 66 192 115 180 307 0 216 18 212 414 224 71 475 320 192 46 167 76 113 98 411 470 126 336 182 357 335 242 98 236 119 79 179 126 30 222 222 18 487 459 48 245 99 465 50 267 80 220 32 1 346 329 15 424 499 281 268 318 32 344 463 156 227 373 489 243 323 499 55 352 163 211 376 223 163 51 323 419 61 194 70 155 33 367 385 345 378 142 336 226 131 300 313 57 28 57 389 22 452 92 165 46 35 422 375 433 275 313 159 283 109 25 2 327 56 326 19 414 108 320 336 12 230 288 469 233 420 317 246 474 414 180 381 442 248 498 13 405 21 369 85 188 299 277 87 3 278 199 332 380 381 476 5 54 154 116 416 294 406 345 463 308 184 325 449 451 297 104 49 115 214 471 293 280 
420 500 371 401 402 136 288 468 39 319 429 216 0 309 22 125 361 38 366 149 67 245 28 371 176 454 228 303 176 87 343 483 425 214 469 28 55 29 160 27 481 393 3 140 29 417 341 451 277 149 86 211 367 97 150 249 144 407 199 443 130 169 20 288 425 432 442 191 306 141 348 285 371 324 479 146 223 2 321 443 323 403 4 174 241 186 277 245 173 17 235 314 230 456 93 400 99 242 452 424 327 185 103 447 94 499 51 494 470 47 58 18 265 68 145 106 222 113 101 254 421 15 179 56 372 357 285 378 438 26 92 129 310 61 122 426 407 137 1 35 199 134 155 128 63 387 418 491 414 330 69 457 491 358 3 475 268 380 330 323 125 140 337 121 19 23 358 425 13 185 242 278 161 449 224 269 374 82 116 226 
247 416 199 163 436 383 79 29 176 300 104 18 309 0 489 142 390 329 434 231 314 41 453 136 468 371 39 419 47 129 287 176 20 437 57 313 323 402 425 277 383 473 51 351 414 121 192 203 27 129 243 42 351 387 283 337 447 202 256 174 462 296 18 475 79 242 132 420 425 247 380 8 260 313 140 367 368 402 336 20 205 409 359 430 487 310 433 297 21 31 44 191 206 180 186 229 261 410 275 132 361 317 238 129 490 398 384 281 419 209 304 453 402 8 166 258 226 272 397 431 456 114 370 236 286 252 335 97 49 300 470 301 78 281 29 232 214 380 222 219 391 95 53 211 357 55 496 115 205 399 493 255 23 245 394 48 92 397 80 89 186 61 144 4 153 472 104 10 83 447 286 287 489 27 106 357 67 467 124 318 
135 126 455 466 355 303 25 34 189 352 224 212 22 489 0 195 481 356 388 500 258 471 344 395 415 106 69 172 130 172 47 300 386 135 257 255 328 405 63 302 387 60 302 285 452 271 411 100 470 442 51 175 26 153 318 352 19 169 250 265 232 371 460 363 184 112 368 397 289 103 105 302 471 78 313 22 4 104 163 456 486 29 63 342 461 187 140 500 337 93 198 480 383 6 3 318 191 348 341 181 138 99 447 344 488 398 6 49 409 234 70 430 310 214 349 305 14 15 456 259 412 275 330 91 388 286 159 278 397 476 274 291 220 308 97 164 62 324 348 392 241 218 356 326 389 413 433 373 174 272 390 435 197 181 415 128 340 366 139 484 453 447 368 414 419 339 43 382 230 234 159 336 362 60 469 77 331 365 441 366 
148 76 263 405 268 472 150 84 176 56 244 414 125 142 195 0 470 293 42 212 65 348 73 381 122 346 382 313 178 35 425 248 158 497 248 1 445 75 110 426 425 205 86 251 411 128 101 109 471 104 488 161 297 382 276 397 405 271 52 273 52 333 349 498 401 283 151 408 72 363 224 460 370 49 109 48 68 80 242 436 284 430 280 234 92 461 347 480 149 133 39 5 220 255 144 378 148 392 168 371 392 185 374 498 429 428 167 301 404 420 296 188 54 187 449 264 63 332 462 193 105 366 460 286 493 33 417 107 441 217 193 40 98 200 288 356 120 127 116 476 184 166 293 216 468 490 1 471 234 313 147 356 311 353 160 20 342 223 376 414 359 342 95 450 298 135 42 109 251 374 38 170 340 159 369 377 249 149 417 454 
295 294 355 157 390 454 229 242 205 466 461 224 361 390 481 470 0 48 292 280 47 95 420 210 249 406 199 331 35 22 50 219 18 16 288 64 87 420 344 243 117 465 57 259 36 160 166 157 198 356 227 90 101 73 339 406 145 485 155 193 215 86 318 388 44 186 29 137 382 13 156 264 179 319 341 301 66 5 243 158 67 428 148 160 113 153 326 271 14 47 107 476 206 250 317 401 210 159 296 390 340 206 375 364 355 323 311 431 347 124 273 330 312 447 154 421 435 28 45 57 294 219 390 293 266 248 417 33 81 200 98 309 67 463 12 32 273 65 87 192 269 399 348 64 63 8 413 159 174 184 104 239 56 296 160 361 164 357 178 37 107 486 14 227 427 38 21 483 196 295 110 224 227 249 252 224 336 121 165 9 
112 93 243 81 261 239 325 114 467 44 426 71 38 329 356 293 48 0 200 392 55 21 5 235 393 497 175 390 361 142 117 111 196 333 40 474 304 158 20 427 142 272 127 132 467 152 27 212 221 458 135 216 397 334 477 159 384 120 81 201 418 52 325 81 362 164 284 101 207 225 273 41 263 179 379 46 168 168 418 119 461 346 364 6 74 332 442 352 252 251 175 181 498 450 329 317 303 110 298 42 21 79 116 379 376 393 405 28 228 65 171 95 335 363 26 403 475 401 2 265 432 13 255 262 445 493 108 152 380 412 475 205 483 342 344 349 203 461 131 154 213 117 331 306 364 52 21 336 434 148 393 12 182 128 126 415 299 317 23 337 25 163 467 291 275 360 381 21 286 34 493 39 386 70 328 333 140 305 4 23 
30 89 271 449 484 494 106 254 179 442 174 475 366 434 388 42 292 200 0 232 410 483 371 79 423 105 149 295 34 320 33 238 309 185 286 25 210 289 131 488 361 434 337 203 150 473 171 323 369 390 473 92 250 273 284 22 325 13 12 362 231 127 317 91 144 296 468 304 190 260 77 492 297 406 241 318 58 460 228 147 341 349 482 186 456 396 357 229 361 179 93 127 473 455 182 227 317 227 402 132 330 118 422 301 294 367 483 78 472 367 328 413 168 312 134 129 46 120 360 237 162 442 17 410 301 196 30 357 326 160 445 471 383 322 394 239 410 284 334 28 47 153 208 494 151 467 306 482 261 342 228 407 460 148 451 227 233 128 182 264 23 38 240 231 330 462 385 451 302 132 105 405 413 161 18 332 441 258 161 252 
107 62 269 330 353 458 143 269 451 3 333 320 149 231 500 212 280 392 232 0 70 96 58 416 88 149 98 289 263 409 370 302 110 58 221 264 378 262 449 399 227 393 144 144 178 117 324 440 42 388 151 389 168 47 114 265 480 308 204 3 363 82 242 393 141 179 109 370 461 78 306 369 48 57 340 374 427 128 105 403 307 319 19 291 478 492 321 274 173 493 51 471 479 70 359 31 21 115 417 295 239 400 340 467 226 123 121 420 220 186 254 373 444 269 295 301 149 362 271 82 305 81 461 490 36 182 196 280 8 339 445 227 99 350 97 116 325 95 453 302 94 165 79 75 10 214 300 205 55 220 217 149 115 456 294 53 434 109 142 275 209 81 282 302 154 181 290 62 9 488 341 234 63 322 301 304 414 390 142 237 
231 435 263 47 146 481 259 91 462 384 314 192 67 314 258 65 47 55 410 70 0 298 263 79 257 444 13 452 348 50 422 1 219 85 329 307 100 245 283 294 373 47 323 331 129 118 297 56 423 418 287 220 74 206 319 439 7 235 149 373 259 239 78 491 387 448 329 187 148 438 175 150 432 305 129 6 90 226 111 392 368 134 157 220 340 335 351 43 319 31 275 35 362 330 417 243 126 460 85 380 416 27 11 60 448 255 444 488 420 330 170 273 144 26 6 120 105 466 453 304 435 480 305 456 434 130 159 302 349 138 359 131 321 30 76 392 447 467 311 439 116 350 261 78 327 409 100 184 381 107 352 295 419 327 164 191 442 422 409 128 44 347 170 475 224 195 290 180 275 114 285 61 368 183 57 97 63 451 463 467 
34 111 380 401 388 479 4 6 402 4 326 46 245 41 471 348 95 21 483 96 298 0 129 492 409 256 150 421 283 338 51 467 154 95 266 305 296 236 433 493 205 117 102 472 424 93 65 202 110 37 68 170 376 312 253 82 118 89 333 214 101 29 121 1 265 491 141 81 272 27 200 125 4 66 413 416 299 315 288 257 357 17 128 437 378 352 103 66 103 362 490 257 66 438 208 237 494 17 366 97 390 249 223 17 5 49 17 424 484 43 316 174 117 72 101 474 266 9 474 357 124 305 465 203 133 278 61 364 476 290 209 126 201 95 144 321 159 255 43 75 64 136 121 257 93 148 414 354 94 492 108 96 72 315 420 307 265 301 126 50 231 339 6 291 14 44 53 416 48 36 439 50 130 490 372 284 368 109 63 1 
116 132 38 222 272 465 102 68 342 359 360 167 28 453 344 73 420 5 371 58 263 129 0 174 302 190 151 471 450 340 427 431 297 44 436 160 108 165 69 395 365 482 407 388 409 474 132 282 39 432 12 412 230 117 194 77 227 352 116 479 433 28 20 111 96 152 142 47 456 165 286 169 117 410 128 28 53 238 204 128 258 362 174 74 201 215 59 132 345 170 310 386 153 110 146 291 67 482 264 58 154 53 122 416 147 263 136 448 313 140 253 282 161 414 477 87 126 64 76 423 24 165 281 114 159 30 467 466 118 259 375 244 390 448 107 478 91 409 217 264 199 410 364 367 300 38 110 69 25 443 77 296 419 306 304 220 169 53 245 136 196 408 22 36 262 39 123 451 375 163 384 221 381 98 228 15 266 381 232 17 
249 427 471 99 81 329 406 257 385 26 196 76 371 136 395 381 210 235 79 416 79 492 174 0 328 201 245 350 474 4 377 391 61 264 344 311 286 45 233 251 286 85 403 192 214 286 373 201 197 74 133 363 190 281 484 314 383 258 113 445 425 118 228 448 380 70 232 10 415 482 8 87 390 416 34 313 111 483 152 216 148 31 472 59 242 274 481 224 449 104 68 199 294 451 309 346 332 196 474 257 145 230 328 124 416 432 451 185 359 405 410 410 398 478 239 256 130 92 315 395 202 297 347 487 394 251 302 172 290 188 241 86 81 490 146 327 121 102 442 437 39 147 66 63 276 248 27 117 102 160 54 357 230 470 39 441 325 212 111 145 290 413 303 37 364 162 395 41 176 467 148 456 22 252 266 85 275 491 34 312 
6 352 379 169 380 144 352 494 188 30 450 113 176 468 415 122 249 393 423 88 257 409 302 328 0 445 100 243 22 36 321 85 452 478 474 371 118 30 59 33 159 176 340 483 497 165 139 61 386 468 206 379 20 52 181 58 17 484 229 405 188 36 123 277 168 33 119 441 76 376 132 404 10 237 314 296 307 86 297 22 130 326 441 5 46 427 109 497 419 85 60 37 31 60 216 259 495 457 179 407 137 356 459 491 152 307 68 194 465 353 194 226 347 335 335 467 471 386 389 354 211 152 298 114 114 355 13 26 98 9 128 81 52 160 190 471 159 184 283 16 350 293 150 221 456 20 211 316 237 79 453 232 94 127 348 87 382 78 494 425 397 235 387 3 205 147 292 124 111 206 333 76 223 146 60 402 132 198 335 331 
397 489 408 170 247 110 170 127 42 487 277 98 454 371 106 346 406 497 105 149 444 256 190 201 445 0 421 317 55 333 277 493 307 385 160 303 212 154 74 471 321 439 112 335 53 329 95 249 290 166 225 68 383 20 309 475 422 14 230 79 269 465 476 271 469 412 160 16 290 264 65 340 242 381 423 409 82 68 207 230 419 53 386 127 154 174 178 244 131 97 4 5 487 34 417 21 322 49 473 120 420 155 65 258 405 48 419 217 309 423 50 102 183 482 112 306 475 319 189 189 64 37 217 402 426 50 331 342 51 153 76 428 366 82 28 427 12 385 17 272 483 80 236 361 237 173 196 3 19 257 48 283 272 18 476 238 118 123 459 374 34 59 326 169 460 148 165 338 210 65 262 250 174 325 384 38 434 325 313 29 
157 46 471 142 99 426 57 138 216 135 322 411 228 39 69 382 199 175 149 98 13 150 151 245 100 421 0 31 143 220 285 249 449 20 146 420 465 49 292 347 77 465 489 107 310 443 273 91 485 338 492 271 46 120 205 321 110 21 109 323 486 427 248 435 469 220 426 6 390 356 315 259 495 117 442 281 375 91 302 194 273 55 2 486 232 80 474 140 180 259 382 280 143 151 11 215 440 83 37 373 313 145 196 236 77 289 2 27 4 91 283 500 278 362 449 349 474 406 495 331 161 352 402 357 324 129 201 420 452 244 106 335 251 186 232 438 63 369 53 457 207 186 365 437 79 337 166 210 465 247 457 24 158 4 137 79 92 357 237 324 322 475 422 29 322 259 255 222 169 131 395 259 346 376 486 380 482 191 149 242 
406 447 449 4 383 329 408 56 247 173 332 470 303 419 172 313 331 390 295 289 452 421 471 350 243 317 31 0 500 264 88 50 251 305 467 40 359 89 326 151 94 179 440 412 246 150 139 137 90 230 241 187 136 419 370 148 18 270 59 435 473 120 156 433 496 227 189 407 391 337 464 65 36 393 277 259 345 156 295 432 496 203 219 66 142 331 35 3 444 50 221 102 381 491 466 390 427 123 13 414 304 371 434 180 145 284 215 170 42 77 174 47 33 472 371 294 281 384 283 156 246 143 125 376 325 57 364 338 54 231 60 368 65 217 312 51 145 155 200 60 360 226 265 120 324 341 153 335 323 110 209 261 133 291 422 208 3 8 235 385 363 172 371 146 494 161 460 181 484 439 342 168 428 420 99 483 470 495 433 226 
299 457 42 391 238 91 480 304 448 417 176 126 176 47 130 178 35 361 34 263 348 283 450 474 22 55 143 500 0 386 298 195 419 45 370 430 371 219 42 1 337 318 447 396 194 263 245 30 18 338 206 416 51 471 485 243 164 47 4 497 75 444 494 412 174 145 389 131 459 375 362 127 194 358 443 2 28 394 271 463 455 110 154 358 88 320 255 304 387 107 320 43 59 320 4 321 18 324 490 169 386 477 183 113 152 399 429 467 238 261 296 489 330 428 116 273 478 404 72 428 69 180 278 181 424 188 390 173 386 200 446 354 385 131 225 499 102 334 54 488 479 90 138 128 427 150 59 425 240 258 286 300 324 272 95 438 489 75 471 5 160 116 166 160 9 46 216 367 131 32 355 170 481 459 370 188 475 356 80 245 
35 251 67 79 415 281 217 174 173 349 247 336 87 129 172 35 22 142 320 409 50 338 340 4 36 333 220 264 386 0 212 14 254 146 462 366 373 255 143 360 327 145 166 143 188 222 135 31 392 334 19 340 247 38 41 295 324 267 148 356 412 328 55 408 340 227 486 421 95 485 342 272 293 211 176 78 186 343 456 497 498 59 245 79 30 26 28 380 90 250 65 185 419 432 248 278 419 348 96 372 126 397 117 391 462 108 407 444 465 489 487 458 285 239 479 49 387 485 381 346 16 313 292 105 96 480 92 61 370 348 188 133 215 172 66 152 187 32 23 492 465 289 64 27 13 108 91 25 383 180 109 176 207 421 338 104 75 59 207 299 83 109 351 91 496 409 358 339 76 466 130 199 255 37 343 422 450 444 143 259 
337 185 414 323 12 98 488 440 394 389 463 182 343 287 47 425 50 117 33 370 422 51 427 377 321 277 285 88 298 212 0 466 288 292 206 27 327 160 397 118 418 34 133 454 51 371 112 481 116 234 86 497 183 282 267 40 189 300 458 371 59 392 481 468 403 79 121 96 74 158 426 121 473 335 306 386 131 229 39 68 218 3 382 74 246 477 128 157 369 230 57 59 307 294 395 102 31 190 461 293 494 177 359 111 302 190 163 293 348 102 189 39 55 46 67 191 6 160 436 76 362 251 237 305 81 495 183 465 92 417 116 254 207 11 91 249 149 1 150 94 239 360 358 54 378 313 329 487 103 219 75 399 118 299 122 408 311 342 4 36 422 120 325 376 124 394 243 330 420 492 317 216 379 70 317 162 354 325 212 362 
28 11 483 285 169 397 332 344 134 100 419 357 483 176 300 248 219 111 238 302 1 467 431 391 85 493 249 50 195 14 466 0 467 488 155 361 250 133 435 175 468 373 492 177 268 229 184 308 443 11 163 281 187 203 311 96 383 495 315 289 64 173 110 471 316 248 12 330 38 328 2 419 61 322 259 134 294 247 135 463 152 486 426 160 184 498 385 176 406 93 76 248 3 19 267 228 158 224 208 308 422 284 250 463 139 121 393 35 76 245 476 7 28 395 331 161 310 60 391 407 140 15 303 233 79 95 281 306 288 85 33 428 9 218 206 137 290 394 459 389 106 366 353 366 138 253 408 107 129 392 284 250 318 110 172 321 117 203 100 133 294 448 2 456 69 170 2 279 140 463 498 91 288 320 266 224 336 26 409 458 
299 118 289 132 60 469 372 315 344 65 118 335 425 20 386 158 18 196 309 110 219 154 297 61 452 307 449 251 419 254 288 467 0 367 318 119 169 210 422 338 472 351 216 24 398 49 373 359 292 37 497 369 235 355 343 28 417 441 392 66 23 267 121 316 304 417 481 54 140 127 189 433 28 435 75 204 46 217 367 71 469 11 379 139 358 140 246 43 26 299 434 456 461 364 392 335 368 333 347 347 145 418 344 64 216 432 295 144 279 252 381 334 151 253 315 249 8 238 78 13 459 8 369 488 495 349 139 401 7 336 199 360 174 472 19 314 142 322 460 198 58 394 313 71 135 189 125 233 57 433 441 387 143 131 191 68 340 234 106 174 210 307 144 54 226 216 36 246 300 499 221 72 103 175 4 430 353 411 450 231 
467 300 124 234 415 446 273 14 255 229 430 242 214 437 135 497 16 333 185 58 85 95 44 264 478 385 20 305 45 146 292 488 367 0 379 46 133 88 383 141 464 454 469 320 484 41 100 296 104 493 306 117 416 395 62 268 304 325 389 415 241 286 368 172 249 480 360 438 146 18 372 429 322 255 112 195 406 115 430 13 328 342 427 179 375 276 185 353 4 366 152 223 259 241 376 392 304 324 393 10 169 52 180 298 469 429 257 239 454 236 89 334 379 368 112 448 323 380 309 388 184 455 382 498 235 123 206 153 215 203 377 201 84 45 266 465 181 289 151 118 154 471 96 299 146 439 389 8 365 173 457 423 280 205 331 425 292 487 321 202 403 162 222 488 469 327 467 62 303 499 297 291 476 113 106 112 332 26 295 480 
76 229 452 209 60 166 312 187 336 336 414 98 469 57 257 248 288 40 286 221 329 266 436 344 474 160 146 467 370 462 206 155 318 379 0 304 99 33 422 296 81 5 482 500 115 314 449 111 347 342 389 100 205 6 134 249 72 457 2 338 181 405 141 467 199 376 28 135 78 325 261 310 397 171 434 371 14 413 470 400 5 162 461 445 462 486 142 7 376 150 287 101 423 411 417 397 132 183 351 50 7 5 234 466 321 351 335 367 420 479 4 152 485 113 299 168 359 395 458 131 128 154 469 71 311 175 137 288 99 278 190 437 258 126 44 481 372 328 29 391 292 4 453 71 237 134 37 130 131 103 371 249 398 3 161 2 43 383 160 130 477 229 323 378 182 125 313 141 420 139 149 294 320 115 385 179 313 174 349 385 
172 129 184 93 248 346 23 455 55 371 270 236 28 313 255 1 64 474 25 264 307 305 160 311 371 303 420 40 430 366 27 361 119 46 304 0 492 362 83 56 107 491 265 91 47 352 11 230 243 111 70 150 105 320 74 304 186 82 115 370 416 69 30 318 367 186 447 184 131 309 208 321 28 169 473 481 475 31 378 216 477 10 286 227 330 414 275 395 245 212 138 361 223 260 284 154 154 134 83 472 215 462 278 380 284 344 265 260 205 5 113 37 359 15 368 278 137 492 278 414 21 340 218 453 107 211 207 168 30 488 48 391 386 223 237 141 353 84 410 463 344 488 232 462 172 228 251 166 281 22 360 428 291 38 145 277 162 79 21 167 453 226 172 278 264 374 442 83 59 212 466 67 224 329 416 81 299 255 411 449 
12 343 494 173 65 218 496 422 277 66 469 119 55 323 328 445 87 304 210 378 100 296 108 286 118 212 465 359 371 373 327 250 169 133 99 492 0 495 353 210 75 183 132 495 408 209 154 114 273 484 336 323 163 444 84 165 252 84 310 280 497 403 10 10 302 227 212 358 383 488 220 432 62 176 210 136 371 294 360 38 433 284 311 409 273 500 402 94 269 457 219 489 124 167 144 20 356 42 221 148 416 446 238 44 170 103 114 223 130 193 251 7 410 115 153 377 32 480 261 327 321 60 35 19 260 27 480 121 294 433 414 370 195 32 406 480 247 144 447 201 100 403 16 402 291 341 372 214 56 409 476 380 168 128 114 83 168 223 396 149 485 190 428 156 59 383 107 86 213 336 67 306 138 153 476 266 480 430 484 444 
200 273 395 39 66 3 194 94 478 314 302 79 29 402 405 75 420 158 289 262 245 236 165 45 30 154 49 89 219 255 160 133 210 88 33 362 495 0 159 290 244 181 140 244 70 186 52 219 405 104 120 206 411 174 43 117 105 121 57 64 92 59 46 396 86 307 205 449 17 132 348 101 148 72 136 345 273 120 64 207 152 152 211 473 17 135 379 323 47 260 338 65 396 273 75 311 432 396 11 66 2 380 328 298 151 310 127 221 352 467 298 104 417 120 90 86 407 285 493 72 463 92 189 429 112 49 417 305 233 70 265 52 480 331 497 313 100 66 153 11 194 98 297 56 109 3 407 241 252 411 6 408 267 120 308 95 132 277 211 12 344 28 154 280 1 167 449 53 223 423 324 206 444 173 48 434 274 456 135 238 
113 239 286 200 403 33 291 360 260 458 16 179 160 425 63 110 344 20 131 449 283 433 69 233 59 74 292 326 42 143 397 435 422 383 422 83 353 159 0 229 339 236 352 254 260 468 357 103 138 42 289 247 135 185 223 121 107 475 405 134 381 323 149 3 140 482 336 87 301 66 475 23 434 194 404 103 343 9 358 431 99 439 225 63 418 186 457 404 411 58 229 327 353 399 34 32 237 478 86 358 22 314 454 329 101 87 38 375 114 342 93 281 418 379 130 41 69 304 159 423 378 378 363 180 166 376 409 449 492 357 236 30 270 311 276 347 281 319 204 15 232 451 409 74 141 280 45 65 444 9 107 258 346 312 122 454 60 145 170 429 220 387 61 177 357 311 148 285 458 488 332 350 269 386 5 490 104 9 236 152 
429 442 472 206 74 141 98 373 308 494 306 126 27 277 302 426 243 427 488 399 294 493 395 251 33 471 347 151 1 360 118 175 338 141 296 56 210 290 229 0 65 88 182 496 190 430 298 293 190 168 66 406 27 283 68 7 260 387 374 362 152 387 326 89 212 271 431 466 432 376 194 452 114 150 364 233 327 498 158 222 125 478 199 71 307 202 486 362 120 433 361 301 423 5 66 326 463 297 87 198 38 138 139 246 440 124 237 72 212 477 446 151 349 178 20 373 244 248 272 214 244 163 120 334 372 25 410 35 337 230 228 139 126 497 17 449 56 260 487 125 337 24 383 372 259 441 335 20 309 472 111 171 100 113 259 202 136 328 193 76 63 401 457 499 186 99 498 110 139 128 398 11 237 491 167 59 165 12 297 476 
227 382 208 195 172 268 280 288 196 361 325 30 481 383 387 425 117 142 361 227 373 205 365 286 159 321 77 94 337 327 418 468 472 464 81 107 75 244 339 65 0 264 366 413 471 322 137 493 154 393 487 225 189 284 214 232 247 1 37 482 408 28 117 359 357 483 426 472 270 293 203 414 464 159 372 314 487 207 410 133 443 358 273 293 499 58 144 360 110 141 348 94 158 228 439 360 297 186 70 448 445 283 399 45 464 335 375 179 223 218 428 95 335 289 151 162 12 356 235 500 72 463 15 187 305 408 123 492 474 496 363 222 408 188 54 400 214 419 204 96 316 479 7 397 101 479 282 71 117 62 102 163 375 117 467 337 428 401 21 446 39 102 436 399 365 475 194 40 211 330 136 383 38 280 282 156 20 262 21 238 
233 42 294 240 106 38 284 370 205 217 166 222 393 473 60 205 465 272 434 393 47 117 482 85 176 439 465 179 318 145 34 373 351 454 5 491 183 181 236 88 264 0 88 478 430 211 20 39 75 350 240 203 303 18 149 234 119 58 404 26 413 379 208 273 392 83 292 76 211 92 378 11 420 357 79 316 473 360 263 456 161 257 85 475 463 103 470 156 436 256 497 136 378 182 217 246 139 466 113 484 70 28 471 138 225 96 128 204 58 174 121 383 487 317 440 42 311 197 177 178 105 27 498 16 323 64 8 32 487 27 171 286 456 385 102 93 378 104 156 184 80 71 366 125 262 14 416 393 480 401 450 142 42 380 145 288 55 495 107 206 494 491 267 428 287 188 81 367 16 3 467 211 6 318 31 274 143 59 256 182 
127 66 149 94 238 143 105 299 446 239 293 222 3 51 302 86 57 127 337 144 323 102 407 403 340 112 489 440 447 166 133 492 216 469 482 265 132 140 352 182 366 88 0 423 414 480 435 355 303 58 491 450 293 299 130 164 305 335 20 300 64 226 488 472 393 248 156 373 38 403 214 228 390 336 224 412 38 462 479 351 257 239 76 455 130 129 457 442 146 444 336 54 241 363 24 273 350 67 302 286 200 30 116 63 170 164 2 41 177 103 238 29 184 74 410 87 28 396 127 222 417 293 314 426 47 327 83 143 428 377 346 424 130 217 441 139 292 382 160 222 336 116 212 86 498 333 272 433 361 159 372 343 246 215 57 116 413 459 311 499 155 12 402 34 2 26 438 392 371 265 7 191 122 220 443 412 93 165 356 152 
483 483 252 355 99 463 117 21 499 349 43 18 140 351 285 251 259 132 203 144 331 472 388 192 483 335 107 412 396 143 454 177 24 320 500 91 495 244 254 496 413 478 423 0 355 234 209 88 490 175 331 143 373 108 393 457 38 190 495 434 342 276 147 202 253 219 18 1 242 144 10 93 338 105 271 470 88 195 448 187 231 274 67 345 59 132 53 323 60 13 65 11 28 47 394 398 8 285 329 26 6 125 32 412 79 71 38 187 489 375 186 312 276 241 357 382 208 396 54 104 179 462 467 225 291 174 297 249 432 135 242 461 326 407 167 345 139 361 94 170 337 363 309 85 163 441 462 235 156 274 200 499 331 405 468 103 211 251 261 475 49 76 223 322 215 241 112 65 315 159 289 359 265 7 492 70 152 371 304 203 
164 140 35 390 358 227 236 35 500 489 87 487 29 414 452 411 36 467 150 178 129 424 409 214 497 53 310 246 194 188 51 268 398 484 115 47 408 70 260 190 471 430 414 355 0 342 145 332 402 429 90 252 246 221 129 483 236 110 44 400 443 287 387 103 439 385 30 388 263 257 412 201 276 232 161 469 407 307 399 329 403 362 149 413 322 106 417 445 142 91 112 68 481 258 113 415 31 100 422 68 462 147 441 188 160 118 74 207 289 191 432 113 290 495 97 464 71 1 484 421 245 195 484 185 412 445 194 363 98 189 165 423 104 123 216 497 122 251 5 435 108 240 148 141 41 169 330 328 303 395 452 474 44 353 496 371 31 269 414 299 93 357 474 459 412 222 115 459 9 301 481 230 447 296 459 411 334 204 130 343 
44 243 54 314 399 453 480 353 199 187 15 459 417 121 271 128 160 152 473 117 118 93 474 286 165 329 443 150 263 222 371 229 49 41 314 352 209 186 468 430 322 211 480 234 342 0 399 125 207 453 482 221 118 414 455 248 62 115 167 285 446 96 174 334 275 195 112 160 165 335 207 308 285 460 40 394 159 264 308 383 387 1 449 181 453 262 122 7 439 244 163 133 60 169 252 202 91 115 167 452 351 158 110 322 54 364 226 11 463 255 53 211 391 46 279 344 236 30 289 268 350 155 120 35 177 427 77 417 214 417 357 23 464 269 200 489 201 237 154 304 471 399 224 3 376 306 252 45 335 495 32 357 109 358 274 103 44 33 149 424 55 90 309 449 64 403 338 60 170 235 281 497 494 189 482 3 256 289 92 348 
253 292 167 264 223 224 243 438 465 47 462 48 341 192 411 101 166 27 171 324 297 65 132 373 139 95 273 139 245 135 112 184 373 100 449 11 154 52 357 298 137 20 435 209 145 399 0 251 101 251 200 40 401 54 425 288 63 42 20 282 411 96 29 344 459 208 387 411 49 261 292 227 34 61 310 202 292 471 41 117 452 163 327 472 373 86 65 419 8 397 352 320 445 236 292 129 1 312 424 384 412 441 366 246 259 261 370 144 400 3 140 201 320 307 368 244 399 190 65 331 274 426 419 353 49 192 491 377 256 476 228 55 96 365 374 11 99 455 484 269 489 250 388 401 138 42 53 199 145 383 442 301 179 412 72 322 366 373 108 178 115 342 456 399 409 271 447 366 205 87 305 23 221 219 253 250 5 46 217 193 
148 96 303 162 121 411 402 293 138 289 209 245 451 203 100 109 157 212 323 440 56 202 282 201 61 249 91 137 30 31 481 308 359 296 111 230 114 219 103 293 493 39 355 88 332 125 251 0 317 377 191 488 456 208 14 427 329 132 349 257 134 375 367 399 203 93 193 35 144 168 334 108 49 360 432 412 183 319 293 86 157 76 283 433 253 237 297 124 161 270 148 469 31 359 322 43 364 462 195 128 393 284 426 487 216 70 345 187 99 182 319 248 450 85 164 61 131 493 328 129 374 29 166 303 191 400 282 332 321 201 15 134 346 87 289 376 252 193 142 3 342 273 432 54 16 200 260 180 65 40 364 413 267 102 289 383 160 423 311 269 40 330 190 429 311 301 478 253 478 14 199 424 169 54 372 391 217 413 471 480 
3 381 5 98 14 216 239 114 395 169 17 99 277 27 470 471 198 221 369 42 423 110 39 197 386 290 485 90 18 392 116 443 292 104 347 243 273 405 138 190 154 75 303 490 402 207 101 317 0 445 11 13 207 431 122 132 462 152 173 74 369 27 65 234 269 9 221 405 353 2 268 115 148 497 306 479 150 453 413 173 35 73 112 236 500 243 170 33 427 40 216 339 153 325 316 136 293 75 212 330 166 223 132 221 2 409 128 196 232 163 82 220 300 167 117 344 38 372 271 60 301 365 439 473 151 20 189 365 24 59 209 365 444 327 230 70 449 151 443 68 46 325 500 444 114 360 372 500 323 274 398 6 235 331 47 447 399 233 486 363 367 424 216 474 193 291 131 445 83 136 491 240 6 457 440 150 199 195 292 219 
444 255 451 11 223 383 372 43 157 474 121 465 149 129 442 104 356 458 390 388 418 37 432 74 468 166 338 230 338 334 234 11 37 493 342 111 484 104 42 168 393 350 58 175 429 453 251 377 445 0 119 195 467 390 17 306 68 332 442 126 202 51 110 48 310 473 181 381 348 353 132 437 336 459 36 115 372 122 159 134 362 368 444 170 339 458 64 321 348 300 334 400 30 325 425 223 136 29 428 151 342 29 456 293 360 74 69 395 459 120 481 50 139 165 76 23 321 185 429 73 55 127 134 296 357 58 363 155 411 162 218 444 16 434 48 108 264 35 44 430 62 380 36 230 249 179 49 367 165 268 295 421 178 189 411 92 266 102 363 462 421 240 89 392 221 255 34 449 72 395 408 394 236 116 77 377 389 330 158 104 
478 10 174 59 215 458 60 404 441 320 108 50 86 243 51 488 227 135 473 151 287 68 12 133 206 225 492 241 206 19 86 163 497 306 389 70 336 120 289 66 487 240 491 331 90 482 200 191 11 119 0 70 134 481 390 23 464 240 106 33 281 244 180 23 487 338 418 253 407 173 46 127 307 115 500 231 16 238 106 326 393 451 424 179 436 437 167 219 30 207 195 133 398 207 256 145 475 20 231 351 31 357 295 92 25 129 500 493 249 39 447 397 491 239 309 79 52 245 106 215 68 402 256 233 234 337 52 283 129 446 333 202 494 109 255 452 408 421 184 163 455 381 344 10 99 87 27 305 88 121 222 280 362 426 224 197 44 102 344 6 226 187 10 437 390 87 150 10 412 469 382 77 255 48 156 143 46 319 137 335 
343 44 468 295 172 290 162 375 423 298 233 267 211 42 175 161 90 216 92 389 220 170 412 363 379 68 271 187 416 340 497 281 369 117 100 150 323 206 247 406 225 203 450 143 252 221 40 488 13 195 70 0 377 414 196 4 294 384 72 85 60 353 322 452 395 72 342 133 39 81 367 392 97 258 463 267 244 207 155 344 9 18 485 93 477 105 372 295 351 394 315 150 493 323 91 329 114 186 194 312 489 13 457 41 126 284 334 461 495 407 26 232 20 24 209 449 173 308 258 383 120 77 5 343 27 127 168 415 216 372 224 441 13 440 136 222 260 48 443 80 56 82 371 495 461 433 234 219 478 271 28 320 289 64 234 308 326 266 486 61 382 233 376 432 111 49 284 22 364 59 276 241 454 46 203 394 65 101 274 162 
94 341 40 63 438 172 381 113 158 200 140 80 367 351 26 297 101 397 250 168 74 376 230 190 20 383 46 136 51 247 183 187 235 416 205 105 163 411 135 27 189 303 293 373 246 118 401 456 207 467 134 377 0 129 373 17 475 148 495 131 385 27 121 392 185 147 128 384 143 11 162 443 346 404 336 358 259 190 498 451 256 416 141 333 483 93 127 227 40 90 15 366 111 246 456 145 277 398 173 271 378 164 234 323 419 449 403 253 140 244 18 457 483 453 426 204 334 60 178 322 25 107 279 149 215 76 419 421 397 371 244 349 385 252 350 294 289 166 295 64 90 70 72 477 45 463 82 469 310 449 304 131 261 295 448 227 125 84 40 308 175 156 473 220 357 181 230 392 322 326 51 433 6 100 4 184 481 86 498 497 
348 247 445 469 187 416 41 84 198 323 416 220 97 387 153 382 73 334 273 47 206 312 117 281 52 20 120 419 471 38 282 203 355 395 6 320 444 174 185 283 284 18 299 108 221 414 54 208 431 390 481 414 129 0 454 404 417 147 402 349 194 386 461 316 232 308 313 193 252 274 434 84 227 318 204 303 220 42 482 243 45 160 403 314 317 449 251 296 61 26 419 69 192 453 41 294 290 338 80 275 227 190 200 319 327 434 444 69 360 112 309 383 307 405 491 489 441 275 135 224 411 90 103 353 129 293 376 15 395 230 318 45 307 437 186 474 147 271 368 200 34 401 471 383 285 332 498 305 32 211 481 13 279 324 69 203 199 309 175 456 106 227 439 498 153 273 365 361 438 18 124 372 314 208 148 79 356 267 244 310 
51 360 151 121 229 173 455 300 92 370 312 32 150 283 318 276 339 477 284 114 319 253 194 484 181 309 205 370 485 41 267 311 343 62 134 74 84 43 223 68 214 149 130 393 129 455 425 14 122 17 390 196 373 454 0 6 286 114 211 105 377 249 222 101 445 340 66 369 488 425 482 190 243 159 19 84 33 181 366 281 370 215 288 282 452 123 400 40 314 301 99 465 62 397 113 46 182 468 273 9 87 327 194 95 184 432 215 101 335 328 60 23 266 244 299 206 40 95 325 66 401 254 178 68 357 85 183 249 42 354 484 239 11 269 185 307 220 497 440 139 110 172 436 135 309 500 382 154 102 195 186 278 443 134 181 253 402 208 339 436 85 486 77 149 161 442 357 20 265 108 413 481 205 144 77 221 455 445 279 36 
86 442 418 89 64 86 236 29 417 246 468 1 249 337 352 397 406 159 22 265 439 82 77 314 58 475 321 148 243 295 40 96 28 268 249 304 165 117 121 7 232 234 164 457 483 248 288 427 132 306 23 4 17 404 6 0 121 24 435 122 120 44 64 495 2 481 90 339 411 49 412 215 351 111 462 188 22 469 80 40 132 492 168 391 198 235 212 143 493 256 375 307 407 33 12 400 129 438 47 197 158 420 321 297 311 109 105 22 482 225 113 365 69 287 496 266 71 222 379 150 30 135 163 297 64 95 433 206 414 434 421 260 2 176 117 134 184 339 242 490 427 469 411 137 355 418 448 471 145 455 453 114 457 475 305 316 143 171 466 287 155 144 26 282 162 86 86 352 27 275 182 319 427 239 98 168 495 96 14 142 
