40
7890 7828 7744 9146 1316 582 4695 5161 4380 4414 4136 2391 3786 3291 5633 4846 7925 8404 8822 6597 4126 8795 8414 6193 7633 628 2417 7153 908 8066 8416 8732 4349 1235 5254 3689 2013 9234 9951 2279 
423 433 111 210 262 31 70 131 414 86 160 362 476 345 299 265 457 239 456 120 339 416 404 378 150 310 185 436 222 160 269 423 441 484 38 65 425 169 320 347 
0 170 447 358 306 363 147 189 413 148 267 67 142 287 493 158 417 265 444 381 292 27 53 388 317 131 97 296 168 278 19 420 269 243 330 362 231 409 483 467 
170 0 65 193 235 238 269 307 157 483 482 396 60 27 64 247 237 14 33 358 37 390 477 305 435 327 126 470 355 445 435 286 156 326 133 336 300 446 323 198 
447 65 0 344 246 355 132 47 242 285 248 469 127 408 495 105 19 430 373 184 71 1 442 425 323 442 300 131 283 128 328 159 362 105 144 405 387 167 320 78 
358 193 344 0 90 219 26 172 28 381 422 143 79 437 229 450 252 325 13 236 160 2 390 37 173 166 429 49 353 389 210 103 415 402 67 119 82 352 210 433 
306 235 246 90 0 336 491 29 31 160 388 6 329 37 382 292 273 62 92 125 168 151 462 406 244 485 427 343 118 409 395 234 422 174 402 64 2 493 381 212 
363 238 355 219 336 0 189 46 149 219 330 168 310 145 308 84 414 211 482 193 334 36 59 13 448 376 41 19 333 445 32 266 308 482 294 260 293 375 77 220 
147 269 132 26 491 189 0 61 265 380 453 95 197 403 223 399 485 100 96 202 101 346 392 158 20 379 466 253 76 279 204 239 494 388 219 73 430 191 358 442 
189 307 47 172 29 46 61 0 424 316 274 77 332 411 424 204 415 309 477 85 391 499 271 238 375 54 39 47 265 285 280 90 259 26 271 168 297 68 330 89 
413 157 242 28 31 149 265 424 0 359 390 81 446 189 470 75 210 105 57 271 106 207 448 494 347 417 399 100 454 406 459 230 483 73 116 138 125 403 284 204 
148 483 285 381 160 219 380 316 359 0 272 116 271 395 243 168 11 11 29 290 460 237 489 354 164 100 120 11 163 80 69 152 499 238 264 362 229 362 94 185 
267 482 248 422 388 330 453 274 390 272 0 455 242 240 123 37 306 364 424 252 11 495 338 295 452 60 147 156 325 167 401 8 479 335 413 395 429 9 184 100 
67 396 469 143 6 168 95 77 81 116 455 0 308 326 85 234 401 217 193 185 478 53 372 200 302 171 249 4 314 244 407 473 98 78 214 13 371 49 356 423 
142 60 127 79 329 310 197 332 446 271 242 308 0 376 18 234 127 157 173 54 314 335 405 19 123 140 407 183 152 52 348 158 194 41 71 466 202 44 416 463 
287 27 408 437 37 145 403 411 189 395 240 326 376 0 168 396 359 407 149 99 319 335 375 412 91 52 427 390 482 178 173 97 375 286 194 378 40 332 134 172 
493 64 495 229 382 308 223 424 470 243 123 85 18 168 0 171 160 470 485 224 39 377 268 263 250 429 59 166 445 69 399 134 45 345 111 103 131 74 220 256 
158 247 105 450 292 84 399 204 75 168 37 234 234 396 171 0 370 201 341 490 168 259 65 276 336 443 437 18 219 460 268 112 327 406 166 39 156 102 259 461 
417 237 19 252 273 414 485 415 210 11 306 401 127 359 160 370 0 8 378 237 398 219 475 451 203 379 335 446 167 200 167 400 218 347 326 111 294 163 149 250 
265 14 430 325 62 211 100 309 105 11 364 217 157 407 470 201 8 0 109 335 14 274 147 192 29 459 330 423 375 201 475 170 443 305 217 17 50 146 267 93 
444 33 373 13 92 482 96 477 57 29 424 193 173 149 485 341 378 109 0 120 176 432 55 362 413 21 412 93 137 308 233 475 182 422 407 69 282 102 280 224 
381 358 184 236 125 193 202 85 271 290 252 185 54 99 224 490 237 335 120 0 132 418 90 456 365 155 245 88 338 210 144 46 213 455 327 334 445 148 392 352 
292 37 71 160 168 334 101 391 106 460 11 478 314 319 39 168 398 14 176 132 0 423 114 236 301 133 25 292 106 334 239 78 353 356 288 471 408 284 221 280 
27 390 1 2 151 36 346 499 207 237 495 53 335 335 377 259 219 274 432 418 423 0 480 363 147 284 34 151 425 42 65 6 98 409 401 172 284 314 292 320 
53 477 442 390 462 59 392 271 448 489 338 372 405 375 268 65 475 147 55 90 114 480 0 343 469 187 39 304 321 228 392 122 187 105 286 475 101 46 10 453 
388 305 425 37 406 13 158 238 494 354 295 200 19 412 263 276 451 192 362 456 236 363 343 0 77 339 450 80 83 414 87 273 154 130 17 426 200 38 375 489 
317 435 323 173 244 448 20 375 347 164 452 302 123 91 250 336 203 29 413 365 301 147 469 77 0 192 24 143 463 24 355 456 434 495 270 166 324 440 394 10 
131 327 442 166 485 376 379 54 417 100 60 171 140 52 429 443 379 459 21 155 133 284 187 339 192 0 228 218 380 392 263 344 283 376 48 201 342 163 2 381 
97 126 300 429 427 41 466 39 399 120 147 249 407 427 59 437 335 330 412 245 25 34 39 450 24 228 0 417 381 303 349 492 212 483 209 279 457 214 35 37 
296 470 131 49 343 19 253 47 100 11 156 4 183 390 166 18 446 423 93 88 292 151 304 80 143 218 417 0 288 31 290 424 43 301 36 239 76 415 224 111 
168 355 283 353 118 333 76 265 454 163 325 314 152 482 445 219 167 375 137 338 106 425 321 83 463 380 381 288 0 257 279 4 255 386 321 104 96 362 353 460 
278 445 128 389 409 445 279 285 406 80 167 244 52 178 69 460 200 201 308 210 334 42 228 414 24 392 303 31 257 0 132 132 232 403 83 3 430 328 457 88 
19 435 328 210 395 32 204 280 459 69 401 407 348 173 399 268 167 475 233 144 239 65 392 87 355 263 349 290 279 132 0 208 401 321 232 228 495 164 424 81 
420 286 159 103 234 266 239 90 230 152 8 473 158 97 134 112 400 170 475 46 78 6 122 273 456 344 492 424 4 132 208 0 133 375 309 294 404 1 30 49 
269 156 362 415 422 308 494 259 483 499 479 98 194 375 45 327 218 443 182 213 353 98 187 154 434 283 212 43 255 232 401 133 0 372 34 291 430 179 147 110 
243 326 105 402 174 482 388 26 73 238 335 78 41 286 345 406 347 305 422 455 356 409 105 130 495 376 483 301 386 403 321 375 372 0 179 145 389 394 25 280 
330 133 144 67 402 294 219 271 116 264 413 214 71 194 111 166 326 217 407 327 288 401 286 17 270 48 209 36 321 83 232 309 34 179 0 492 70 318 282 63 
362 336 405 119 64 260 73 168 138 362 395 13 466 378 103 39 111 17 69 334 471 172 475 426 166 201 279 239 104 3 228 294 291 145 492 0 145 290 187 64 
231 300 387 82 2 293 430 297 125 229 429 371 202 40 131 156 294 50 282 445 408 284 101 200 324 342 457 76 96 430 495 404 430 389 70 145 0 179 406 485 
409 446 167 352 493 375 191 68 403 362 9 49 44 332 74 102 163 146 102 148 284 314 46 38 440 163 214 415 362 328 164 1 179 394 318 290 179 0 93 304 
483 323 320 210 381 77 358 330 284 94 184 356 416 134 220 259 149 267 280 392 221 292 10 375 394 2 35 224 353 457 424 30 147 25 282 187 406 93 0 402 
467 198 78 433 212 220 442 89 204 185 100 423 463 172 256 461 250 93 224 352 280 320 453 489 10 381 37 111 460 88 81 49 110 280 63 64 485 304 402 0 
