20
3885 196 9048 5527 141 2417 2975 9838 7944 7077 6530 8997 1199 3351 1321 7200 9142 6166 3223 7505 
150 444 131 370 286 61 51 322 101 462 390 197 442 327 145 362 414 417 216 167 
0 395 138 69 479 297 300 366 63 56 29 374 326 463 418 74 90 100 135 25 
395 0 143 216 315 177 494 68 198 412 330 319 106 269 341 248 468 395 178 138 
138 143 0 215 390 446 334 29 385 252 76 15 239 462 377 11 449 435 278 380 
69 216 215 0 426 130 6 225 452 126 125 142 253 175 438 192 226 94 4 452 
479 315 390 426 0 24 366 260 88 273 490 365 49 387 228 9 86 499 12 55 
297 177 446 130 24 0 433 213 418 9 113 476 230 430 451 493 241 17 8 243 
300 494 334 6 366 433 0 63 260 277 282 343 124 85 128 418 401 312 163 44 
366 68 29 225 260 213 63 0 457 109 108 481 258 481 246 334 151 169 201 163 
63 198 385 452 88 418 260 457 0 28 438 201 26 108 466 383 208 216 182 316 
56 412 252 126 273 9 277 109 28 0 62 33 4 44 451 448 71 92 477 255 
29 330 76 125 490 113 282 108 438 62 0 181 468 235 48 252 366 20 326 299 
374 319 15 142 365 476 343 481 201 33 181 0 350 487 406 484 468 431 404 468 
326 106 239 253 49 230 124 258 26 4 468 350 0 341 445 131 386 406 370 417 
463 269 462 175 387 430 85 481 108 44 235 487 341 0 425 125 44 470 72 82 
418 341 377 438 228 451 128 246 466 451 48 406 445 425 0 11 5 254 28 458 
74 248 11 192 9 493 418 334 383 448 252 484 131 125 11 0 28 204 46 282 
90 468 449 226 86 241 401 151 208 71 366 468 386 44 5 28 0 247 12 157 
100 395 435 94 499 17 312 169 216 92 20 431 406 470 254 204 247 0 301 251 
135 178 278 4 12 8 163 201 182 477 326 404 370 72 28 46 12 301 0 447 
25 138 380 452 55 243 44 163 316 255 299 468 417 82 458 282 157 251 447 0 
