60
1092 3216 1556 2586 388 5315 5236 2242 1665 211 9999 6084 4127 4372 7913 620 8667 1487 1112 2419 5112 3099 6807 2533 1207 7871 5507 6980 1914 2467 7298 7513 130 9513 3520 9394 2413 608 3696 5376 5815 4848 34 7645 4404 5842 4380 1900 6589 2681 4927 322 6821 2829 2558 2637 7774 7410 9145 6988 
80 93 133 243 68 368 321 334 308 61 117 378 313 313 26 226 325 138 4 487 465 390 417 323 45 26 429 332 335 169 417 110 220 127 173 207 312 147 240 304 180 286 395 73 7 446 382 317 119 194 139 85 417 168 394 112 408 445 117 35 
0 134 406 436 475 431 248 283 199 72 408 108 189 467 302 182 90 238 405 74 115 88 317 82 118 22 87 450 180 101 200 387 153 30 240 491 268 14 392 331 497 437 39 46 24 34 366 455 266 378 492 301 56 97 273 361 168 374 52 301 
134 0 50 432 256 254 199 276 369 254 288 152 410 257 235 254 214 117 70 378 401 16 39 310 50 458 51 395 246 77 168 324 258 110 473 337 244 54 288 131 28 94 310 409 65 70 396 129 400 332 317 128 493 484 450 421 458 136 491 113 
406 50 0 332 397 402 481 189 485 426 389 458 442 135 362 493 73 86 233 37 349 315 426 348 146 480 48 394 301 141 107 136 121 240 268 41 63 5 213 118 479 112 292 353 394 58 246 77 449 346 457 417 245 178 265 102 460 499 33 19 
436 432 332 0 229 354 274 42 392 140 255 297 384 466 144 108 91 460 382 54 207 476 64 134 176 294 293 213 476 24 25 494 121 44 111 445 347 435 333 176 127 10 355 440 240 123 158 10 265 128 129 344 498 410 109 56 402 112 339 344 
475 256 397 229 0 335 243 343 144 420 8 443 415 59 331 204 73 197 145 231 222 82 168 395 464 388 497 135 175 202 482 179 275 473 460 73 146 181 77 113 462 93 14 324 338 87 88 314 309 169 316 430 309 430 141 252 400 297 179 136 
431 254 402 354 335 0 160 79 416 79 260 427 470 358 367 446 117 488 148 323 409 178 282 472 358 100 499 305 272 378 283 377 438 387 35 270 8 500 77 204 37 126 22 499 256 439 170 131 309 377 188 236 267 68 485 77 391 4 297 62 
248 199 481 274 243 160 0 238 389 137 84 303 214 378 33 48 228 368 476 272 141 108 119 405 444 132 307 449 449 361 407 389 183 344 86 39 477 397 93 414 157 282 282 333 403 225 256 88 454 139 113 150 453 107 414 482 384 243 118 185 
283 276 189 42 343 79 238 0 130 231 352 303 351 424 2 257 479 30 246 480 258 40 273 476 386 161 55 144 443 161 154 301 402 145 202 28 152 409 274 14 102 155 35 264 28 450 148 102 476 467 65 88 152 147 431 33 349 62 490 457 
199 369 485 392 144 416 389 130 0 96 368 458 456 332 388 2 60 23 449 60 290 307 277 365 250 305 315 169 229 443 19 288 372 182 256 198 155 237 91 69 497 445 358 203 449 96 40 23 74 159 96 327 213 445 30 195 471 407 74 29 
72 254 426 140 420 79 137 231 96 0 399 362 35 349 437 73 431 87 346 254 201 241 460 154 394 389 214 57 345 173 40 99 497 499 337 472 135 325 359 189 446 12 472 223 404 379 368 435 151 182 459 360 133 406 267 22 401 336 288 84 
408 288 389 255 8 260 84 352 368 399 0 87 53 405 270 213 70 69 103 106 500 76 140 315 224 409 24 53 200 226 258 309 136 201 275 420 404 67 478 472 184 308 52 87 461 94 479 219 104 164 310 241 409 7 383 228 89 276 271 447 
108 152 458 297 443 427 303 303 458 362 87 0 334 49 415 214 173 131 474 380 23 236 87 359 393 15 348 206 390 6 415 405 234 233 325 131 187 266 173 397 353 235 479 94 495 349 165 85 88 156 192 123 496 374 44 482 245 248 362 345 
189 410 442 384 415 470 214 351 456 35 53 334 0 27 20 153 74 166 234 135 155 415 194 396 198 83 56 167 37 94 118 145 60 246 39 421 47 1 311 179 423 339 451 497 442 256 489 148 444 174 479 487 479 119 357 74 170 163 105 365 
467 257 135 466 59 358 378 424 332 349 405 49 27 0 361 238 322 380 186 81 391 411 339 162 101 454 430 98 167 159 475 155 243 239 146 103 132 383 61 270 48 359 17 301 354 111 187 226 405 274 429 98 177 170 475 48 26 463 412 263 
302 235 362 144 331 367 33 2 388 437 270 415 20 361 0 43 265 463 498 88 148 226 369 208 87 146 285 286 39 107 24 372 449 178 57 287 114 165 374 213 464 221 172 93 433 446 395 326 239 461 254 309 479 144 457 73 116 270 24 319 
182 254 493 108 204 446 48 257 2 73 213 214 153 238 43 0 31 472 178 334 432 35 421 365 73 185 55 165 315 132 494 38 226 269 378 364 12 64 88 166 219 273 424 445 250 256 296 119 388 307 431 14 120 497 205 12 203 197 356 52 
90 214 73 91 73 117 228 479 60 431 70 173 74 322 265 31 0 5 50 419 321 333 285 414 108 24 408 360 394 238 400 396 394 22 217 352 385 293 474 270 288 82 344 493 78 440 319 64 245 73 107 297 129 381 61 25 109 221 166 124 
238 117 86 460 197 488 368 30 23 87 69 131 166 380 463 472 5 0 207 290 229 70 339 225 55 391 43 65 496 5 134 394 393 62 389 106 86 36 465 315 227 423 378 129 329 55 22 59 49 131 294 10 374 212 56 411 462 55 246 153 
405 70 233 382 145 148 476 246 449 346 103 474 234 186 498 178 50 207 0 60 262 130 140 2 385 248 400 445 199 286 287 119 37 208 469 482 168 101 500 311 327 323 416 366 161 166 388 417 432 373 140 21 491 459 411 67 130 434 409 259 
74 378 37 54 231 323 272 480 60 254 106 380 135 81 88 334 419 290 60 0 51 133 301 283 327 487 424 81 347 203 16 241 353 434 410 148 324 147 222 190 57 30 242 393 461 402 307 23 162 204 99 303 159 282 427 7 422 308 151 349 
115 401 349 207 222 409 141 258 290 201 500 23 155 391 148 432 321 229 262 51 0 396 287 85 169 46 249 276 79 178 325 237 339 407 48 308 357 261 344 435 344 38 290 323 267 162 362 493 370 400 491 441 174 440 411 192 465 436 362 180 
88 16 315 476 82 178 108 40 307 241 76 236 415 411 226 35 333 70 130 133 396 0 432 272 379 16 211 408 487 319 257 301 269 411 45 15 402 311 257 268 352 85 239 282 85 217 106 423 237 333 36 251 346 173 391 225 341 398 443 430 
317 39 426 64 168 282 119 273 277 460 140 87 194 339 369 421 285 339 140 301 287 432 0 131 389 103 310 265 357 176 40 224 182 289 255 84 46 268 37 362 34 361 111 29 9 329 413 251 187 58 225 91 480 460 286 494 266 66 339 21 
82 310 348 134 395 472 405 476 365 154 315 359 396 162 208 365 414 225 2 283 85 272 131 0 405 330 259 420 434 297 474 239 479 405 75 323 81 319 90 150 229 330 40 101 38 446 32 364 119 477 237 313 328 483 259 327 193 138 13 128 
118 50 146 176 464 358 444 386 250 394 224 393 198 101 87 73 108 55 385 327 169 379 389 405 0 449 127 343 353 242 381 256 194 178 24 264 66 11 64 445 399 423 485 476 244 427 497 488 53 89 355 259 74 367 268 337 464 490 39 351 
22 458 480 294 388 100 132 161 305 389 409 15 83 454 146 185 24 391 248 487 46 16 103 330 449 0 312 453 222 382 429 280 183 359 346 381 96 136 123 424 17 455 169 275 313 192 406 195 347 352 257 81 430 461 19 207 207 60 353 487 
87 51 48 293 497 499 307 55 315 214 24 348 56 430 285 55 408 43 400 424 249 211 310 259 127 312 0 238 202 207 474 168 423 158 371 28 316 230 4 298 441 426 293 8 442 290 422 287 369 469 499 371 313 363 128 221 99 65 475 31 
450 395 394 213 135 305 449 144 169 57 53 206 167 98 286 165 360 65 445 81 276 408 265 420 343 453 238 0 409 436 479 14 321 272 23 3 385 150 10 498 474 155 366 450 282 349 183 168 462 407 288 378 13 39 167 83 168 388 310 491 
180 246 301 476 175 272 449 443 229 345 200 390 37 167 39 315 394 496 199 347 79 487 357 434 353 222 202 409 0 143 247 148 422 241 62 386 202 437 292 172 203 164 349 139 301 197 456 22 147 102 370 128 277 379 71 120 209 40 115 139 
101 77 141 24 202 378 361 161 443 173 226 6 94 159 107 132 238 5 286 203 178 319 176 297 242 382 207 436 143 0 298 488 2 465 256 190 1 15 346 260 41 101 411 192 349 16 10 120 207 114 46 82 257 204 433 422 456 165 430 54 
200 168 107 25 482 283 407 154 19 40 258 415 118 475 24 494 400 134 287 16 325 257 40 474 381 429 474 479 247 298 0 390 368 420 474 285 50 43 496 165 476 193 341 258 293 35 311 350 155 313 428 428 270 348 15 69 208 250 350 168 
387 324 136 494 179 377 389 301 288 99 309 405 145 155 372 38 396 394 119 241 237 301 224 239 256 280 168 14 148 488 390 0 365 492 123 208 162 115 76 409 154 476 306 229 340 44 358 282 126 402 341 399 474 239 444 169 432 204 335 409 
153 258 121 121 275 438 183 402 372 497 136 234 60 243 449 226 394 393 37 353 339 269 182 479 194 183 423 321 422 2 368 365 0 343 171 66 160 162 52 228 415 442 429 213 414 159 411 88 474 188 234 188 427 361 253 175 393 150 104 436 
30 110 240 44 473 387 344 145 182 499 201 233 246 239 178 269 22 62 208 434 407 411 289 405 178 359 158 272 241 465 420 492 343 0 208 175 426 293 481 316 178 168 360 385 185 422 211 388 198 253 66 82 368 132 278 107 141 401 485 140 
240 473 268 111 460 35 86 202 256 337 275 325 39 146 57 378 217 389 469 410 48 45 255 75 24 346 371 23 62 256 474 123 171 208 0 242 275 81 116 12 117 49 207 492 465 92 346 293 449 171 242 376 327 144 437 47 6 356 73 32 
491 337 41 445 73 270 39 28 198 472 420 131 421 103 287 364 352 106 482 148 308 15 84 323 264 381 28 3 386 190 285 208 66 175 242 0 45 124 193 181 263 222 490 439 174 64 63 358 146 422 369 43 243 147 155 74 398 474 328 28 
268 244 63 347 146 8 477 152 155 135 404 187 47 132 114 12 385 86 168 324 357 402 46 81 66 96 316 385 202 1 50 162 160 426 275 45 0 136 118 285 389 228 4 414 250 258 95 50 307 236 384 320 327 475 294 440 324 126 284 133 
14 54 5 435 181 500 397 409 237 325 67 266 1 383 165 64 293 36 101 147 261 311 268 319 11 136 230 150 437 15 43 115 162 293 81 124 136 0 384 343 157 477 123 199 128 117 454 112 384 384 427 120 456 20 34 19 375 288 15 475 
392 288 213 333 77 77 93 274 91 359 478 173 311 61 374 88 474 465 500 222 344 257 37 90 64 123 4 10 292 346 496 76 52 481 116 193 118 384 0 192 423 303 350 76 455 385 108 321 108 485 298 232 52 76 232 467 467 385 89 48 
331 131 118 176 113 204 414 14 69 189 472 397 179 270 213 166 270 315 311 190 435 268 362 150 445 424 298 498 172 260 165 409 228 316 12 181 285 343 192 0 446 153 330 383 439 63 398 250 28 337 335 342 472 177 45 64 72 300 85 441 
497 28 479 127 462 37 157 102 497 446 184 353 423 48 464 219 288 227 327 57 344 352 34 229 399 17 441 474 203 41 476 154 415 178 117 263 389 157 423 446 0 31 479 464 84 128 113 70 300 121 463 470 65 439 348 450 183 350 175 286 
437 94 112 10 93 126 282 155 445 12 308 235 339 359 221 273 82 423 323 30 38 85 361 330 423 455 426 155 164 101 193 476 442 168 49 222 228 477 303 153 31 0 110 395 345 360 9 26 177 371 265 14 121 498 281 275 164 17 26 461 
39 310 292 355 14 22 282 35 358 472 52 479 451 17 172 424 344 378 416 242 290 239 111 40 485 169 293 366 349 411 341 306 429 360 207 490 4 123 350 330 479 110 0 448 484 417 201 246 229 244 90 83 17 483 69 376 392 442 24 150 
46 409 353 440 324 499 333 264 203 223 87 94 497 301 93 445 493 129 366 393 323 282 29 101 476 275 8 450 139 192 258 229 213 385 492 439 414 199 76 383 464 395 448 0 295 344 25 440 215 39 260 186 231 206 345 2 451 475 313 338 
24 65 394 240 338 256 403 28 449 404 461 495 442 354 433 250 78 329 161 461 267 85 9 38 244 313 442 282 301 349 293 340 414 185 465 174 250 128 455 439 84 345 484 295 0 440 79 215 206 411 244 383 215 15 134 40 334 248 339 58 
34 70 58 123 87 439 225 450 96 379 94 349 256 111 446 256 440 55 166 402 162 217 329 446 427 192 290 349 197 16 35 44 159 422 92 64 258 117 385 63 128 360 417 344 440 0 402 77 473 292 20 29 96 50 125 115 305 379 117 82 
366 396 246 158 88 170 256 148 40 368 479 165 489 187 395 296 319 22 388 307 362 106 413 32 497 406 422 183 456 10 311 358 411 211 346 63 95 454 108 398 113 9 201 25 79 402 0 446 458 77 97 29 52 227 130 75 60 393 371 214 
455 129 77 10 314 131 88 102 23 435 219 85 148 226 326 119 64 59 417 23 493 423 251 364 488 195 287 168 22 120 350 282 88 388 293 358 50 112 321 250 70 26 246 440 215 77 446 0 344 383 205 492 148 290 340 500 33 385 340 496 
266 400 449 265 309 309 454 476 74 151 104 88 444 405 239 388 245 49 432 162 370 237 187 119 53 347 369 462 147 207 155 126 474 198 449 146 307 384 108 28 300 177 229 215 206 473 458 344 0 380 356 427 395 146 300 47 58 173 499 313 
378 332 346 128 169 377 139 467 159 182 164 156 174 274 461 307 73 131 373 204 400 333 58 477 89 352 469 407 102 114 313 402 188 253 171 422 236 384 485 337 121 371 244 39 411 292 77 383 380 0 482 485 109 71 101 121 55 458 28 191 
492 317 457 129 316 188 113 65 96 459 310 192 479 429 254 431 107 294 140 99 491 36 225 237 355 257 499 288 370 46 428 341 234 66 242 369 384 427 298 335 463 265 90 260 244 20 97 205 356 482 0 17 433 196 451 42 411 6 337 416 
301 128 417 344 430 236 150 88 327 360 241 123 487 98 309 14 297 10 21 303 441 251 91 313 259 81 371 378 128 82 428 399 188 82 376 43 320 120 232 342 470 14 83 186 383 29 29 492 427 485 17 0 242 154 3 84 386 19 50 5 
56 493 245 498 309 267 453 152 213 133 409 496 479 177 479 120 129 374 491 159 174 346 480 328 74 430 313 13 277 257 270 474 427 368 327 243 327 456 52 472 65 121 17 231 215 96 52 148 395 109 433 242 0 302 31 246 477 137 132 168 
97 484 178 410 430 68 107 147 445 406 7 374 119 170 144 497 381 212 459 282 440 173 460 483 367 461 363 39 379 204 348 239 361 132 144 147 475 20 76 177 439 498 483 206 15 50 227 290 146 71 196 154 302 0 66 491 36 324 426 97 
273 450 265 109 141 485 414 431 30 267 383 44 357 475 457 205 61 56 411 427 411 391 286 259 268 19 128 167 71 433 15 444 253 278 437 155 294 34 232 45 348 281 69 345 134 125 130 340 300 101 451 3 31 66 0 107 426 400 424 347 
361 421 102 56 252 77 482 33 195 22 228 482 74 48 73 12 25 411 67 7 192 225 494 327 337 207 221 83 120 422 69 169 175 107 47 74 440 19 467 64 450 275 376 2 40 115 75 500 47 121 42 84 246 491 107 0 133 426 315 47 
168 458 460 402 400 391 384 349 471 401 89 245 170 26 116 203 109 462 130 422 465 341 266 193 464 207 99 168 209 456 208 432 393 141 6 398 324 375 467 72 183 164 392 451 334 305 60 33 58 55 411 386 477 36 426 133 0 175 409 400 
374 136 499 112 297 4 243 62 407 336 276 248 163 463 270 197 221 55 434 308 436 398 66 138 490 60 65 388 40 165 250 204 150 401 356 474 126 288 385 300 350 17 442 475 248 379 393 385 173 458 6 19 137 324 400 426 175 0 334 430 
52 491 33 339 179 297 118 490 74 288 271 362 105 412 24 356 166 246 409 151 362 443 339 13 39 353 475 310 115 430 350 335 104 485 73 328 284 15 89 85 175 26 24 313 339 117 371 340 499 28 337 50 132 426 424 315 409 334 0 305 
301 113 19 344 136 62 185 457 29 84 447 345 365 263 319 52 124 153 259 349 180 430 21 128 351 487 31 491 139 54 168 409 436 140 32 28 133 475 48 441 286 461 150 338 58 82 214 496 313 191 416 5 168 97 347 47 400 430 305 0 
