30 4 15
0 597 424 544 516 302 0 565 316 591 387 304 0 375 380 522 362 480 303 554 0 322 311 382 442 0 570 345 364 421 
597 0 377 403 0 509 386 313 0 324 0 0 344 0 376 0 579 597 353 0 399 494 518 0 0 458 569 474 0 597 
424 377 0 554 497 0 327 497 0 0 525 449 374 570 350 420 333 0 305 533 0 433 0 494 369 462 0 0 589 587 
544 403 554 0 512 528 399 0 0 418 0 0 337 456 425 318 0 487 509 510 571 428 0 507 425 318 483 417 330 356 
516 0 497 512 0 365 323 0 321 450 385 333 567 0 561 501 478 460 545 0 464 0 517 419 336 0 442 407 0 507 
302 509 0 528 365 0 600 0 501 0 399 490 460 368 450 0 504 335 470 347 322 338 504 550 431 498 381 495 571 320 
0 386 327 399 323 600 0 408 522 0 444 317 483 595 330 0 0 521 566 451 336 0 341 427 333 388 598 304 527 549 
565 313 497 0 0 0 408 0 0 383 428 367 546 431 337 315 574 431 420 359 324 595 443 355 321 490 404 446 558 331 
316 0 0 0 321 501 522 0 0 0 0 448 537 378 0 335 0 587 452 569 0 449 538 302 333 450 0 0 0 429 
591 324 0 418 450 0 0 383 0 0 532 327 548 348 0 553 552 404 506 485 478 305 493 494 570 593 0 494 430 0 
387 0 525 0 385 399 444 428 0 532 0 556 0 579 476 515 0 567 0 307 439 302 473 392 0 515 393 484 505 547 
304 0 449 0 333 490 317 367 448 327 556 0 500 0 534 522 0 544 350 312 314 378 437 305 0 519 0 0 385 0 
0 344 374 337 567 460 483 546 537 548 0 500 0 565 446 525 503 532 354 548 442 0 382 542 456 452 421 355 0 0 
375 0 570 456 0 368 595 431 378 348 579 0 565 0 507 566 562 460 319 355 0 556 305 454 407 340 592 341 578 508 
380 376 350 425 561 450 330 337 0 0 476 534 446 507 0 336 371 303 548 312 341 335 0 0 443 306 548 0 0 507 
522 0 420 318 501 0 0 315 335 553 515 522 525 566 336 0 429 0 469 547 346 0 495 477 496 590 547 359 476 588 
362 579 333 0 478 504 0 574 0 552 0 0 503 562 371 429 0 525 559 0 447 445 585 378 0 320 0 505 555 0 
480 597 0 487 460 335 521 431 587 404 567 544 532 460 303 0 525 0 472 0 0 479 587 541 586 497 500 492 438 0 
303 353 305 509 545 470 566 420 452 506 0 350 354 319 548 469 559 472 0 0 318 0 308 549 419 301 332 0 0 449 
554 0 533 510 0 347 451 359 569 485 307 312 548 355 312 547 0 0 0 0 306 417 516 493 537 486 358 0 353 487 
0 399 0 571 464 322 336 324 0 478 439 314 442 0 341 346 447 0 318 306 0 0 0 0 436 312 515 577 0 368 
322 494 433 428 0 338 0 595 449 305 302 378 0 556 335 0 445 479 0 417 0 0 512 571 0 543 416 0 0 452 
311 518 0 0 517 504 341 443 538 493 473 437 382 305 0 495 585 587 308 516 0 512 0 0 393 358 475 0 538 0 
382 0 494 507 419 550 427 355 302 494 392 305 542 454 0 477 378 541 549 493 0 571 0 0 408 451 0 568 406 0 
442 0 369 425 336 431 333 321 333 570 0 0 456 407 443 496 0 586 419 537 436 0 393 408 0 499 495 0 397 0 
0 458 462 318 0 498 388 490 450 593 515 519 452 340 306 590 320 497 301 486 312 543 358 451 499 0 0 475 404 389 
570 569 0 483 442 381 598 404 0 0 393 0 421 592 548 547 0 500 332 358 515 416 475 0 495 0 0 348 577 405 
345 474 0 417 407 495 304 446 0 494 484 0 355 341 0 359 505 492 0 0 577 0 0 568 0 475 348 0 535 307 
364 0 589 330 0 571 527 558 0 430 505 385 0 578 0 476 555 438 0 353 0 0 538 406 397 404 577 535 0 334 
421 597 587 356 507 320 549 331 429 0 547 0 0 508 507 588 0 0 449 487 368 452 0 0 0 389 405 307 334 0 
