80 53 11
0 51411 0 45720 45770 45910 0 0 0 0 54427 0 0 49097 48051 46100 44924 0 54388 0 0 49023 0 46257 53293 46860 49358 0 0 0 54504 0 0 52148 0 0 0 0 0 49020 48649 50128 53964 54564 47276 47218 0 0 52091 52554 0 49445 0 52739 44663 48106 55472 46522 0 52740 0 0 0 46828 46170 50857 0 45026 0 0 51075 0 46820 54258 45189 45913 55276 45581 0 0 
51411 0 0 0 46702 48950 0 0 0 45006 0 49110 48989 51924 0 0 46624 0 0 0 47098 47420 48657 45824 0 0 51366 46069 0 0 44870 55000 0 0 52900 0 54768 0 51301 0 54128 0 0 46203 0 46948 46983 0 55320 0 49894 46929 0 45149 46021 0 0 52885 0 0 49252 0 48898 48280 0 51575 49635 0 54253 52285 47553 50151 0 53469 0 0 0 44573 0 0 
0 0 0 49842 0 47886 55249 49659 0 0 48282 0 0 47703 51655 48663 54047 0 0 0 0 47831 0 0 0 0 0 0 0 0 0 52237 52068 50979 48215 50331 0 48810 0 50180 49234 50803 45887 55263 0 0 0 0 0 45509 0 47590 0 46606 45292 51409 50636 0 53264 0 54241 47381 0 55472 0 44891 0 54295 0 0 50465 0 0 0 54931 52309 0 0 0 0 
45720 0 49842 0 0 52150 54353 50336 0 0 54799 48681 46183 53787 0 0 0 49772 0 0 0 48841 48573 53186 0 0 0 0 0 0 0 50384 0 46764 53509 0 0 0 0 0 0 0 51086 0 47964 44445 0 0 45390 51702 52891 0 0 0 44763 0 50717 0 53576 50637 50919 0 52426 51297 47224 54077 52939 45628 0 45599 44907 0 45327 50662 0 0 0 0 48077 0 
45770 46702 0 0 0 0 0 53795 0 53372 0 0 0 0 48840 0 0 0 0 46528 0 44620 0 0 0 0 45848 45006 0 0 50372 0 0 0 51563 53423 0 48749 48921 46493 53533 46856 0 0 0 0 0 48741 0 52162 0 0 0 45996 50941 0 0 0 0 0 0 0 0 0 51233 0 0 48264 51659 44832 0 0 45239 0 54311 0 53997 48518 0 0 
45910 48950 47886 52150 0 0 0 54257 52715 0 0 0 50055 0 51775 54954 52593 0 54017 44729 0 46651 54137 54939 0 0 49719 0 0 50805 54656 48859 48671 0 0 54348 54033 53453 53733 46067 50272 46760 53196 53811 54543 44869 0 49706 52043 45036 52000 44509 0 0 0 47764 0 0 0 0 0 52340 0 48326 49163 0 0 51183 47569 0 0 0 0 0 53656 46841 0 53677 0 0 
0 0 55249 54353 0 0 0 0 52388 0 0 52542 54411 0 0 0 0 0 0 47384 54589 53747 50837 53823 51951 46083 0 0 51602 0 0 50973 0 48114 0 45433 0 52361 52882 53410 47747 50436 45354 51573 0 0 0 46373 51581 0 0 0 0 0 0 0 51210 51289 52250 0 0 0 48763 0 51415 54360 0 0 44746 54440 51107 50674 0 0 54018 47065 0 0 50241 51168 
0 0 49659 50336 53795 54257 0 0 49479 48760 47768 47032 51071 0 53401 0 46508 0 54875 0 0 0 0 0 0 51603 53215 0 46609 51067 0 0 0 49543 46079 0 46399 0 0 46509 45063 0 0 0 52757 51380 46650 0 0 51476 49171 45010 50556 0 44656 54518 0 0 55278 46626 0 0 0 48484 48790 54852 0 46281 0 0 0 0 50003 0 52443 45009 53859 47008 0 45884 
0 0 0 0 0 52715 52388 49479 0 53647 49981 0 48634 0 0 0 0 0 0 0 54702 46670 0 52885 0 45858 0 51675 0 46429 46565 46139 0 46983 0 49409 46104 47879 0 46712 44835 0 0 52131 0 50301 0 0 0 50661 0 0 0 47405 46423 0 0 0 0 54902 45298 0 53542 0 0 0 0 0 0 0 46321 52344 0 48295 0 0 0 0 0 0 
0 45006 0 0 53372 0 0 48760 53647 0 51193 44739 50869 54811 0 48108 0 0 47965 45935 0 53600 50794 51846 0 50368 45082 0 48397 45784 0 0 54924 46403 0 0 0 0 53630 46168 53251 54405 0 51535 0 50944 46773 53819 0 0 0 0 0 48194 0 0 0 0 0 53874 0 47427 50390 49832 54461 46437 51859 49282 0 45265 45766 0 0 55322 44528 0 0 0 0 55033 
54427 0 48282 54799 0 0 0 47768 49981 51193 0 0 0 52473 0 0 0 0 0 50618 45246 51275 0 51179 0 48487 55209 47230 0 53466 47109 48918 0 0 49013 45921 0 52623 55315 47882 55055 53356 0 51869 0 0 49770 0 0 0 48174 0 51285 0 52604 55189 49295 44671 0 48847 51744 0 50536 0 54736 46985 46789 46512 0 0 45646 45987 0 0 49498 0 45119 44709 54289 49219 
0 49110 0 48681 0 0 52542 47032 0 44739 0 0 47211 48253 46134 0 0 0 45409 54206 0 0 0 45405 0 51428 46514 0 0 0 0 0 46880 0 0 0 48212 46767 0 45638 0 45844 48111 0 48071 51623 0 51649 48684 52728 48733 48821 48966 52892 0 0 0 44581 49598 0 54307 46419 54032 54224 51572 0 0 0 50938 47527 48220 0 0 54348 49616 0 52430 0 52559 0 
0 48989 0 46183 0 50055 54411 51071 48634 50869 0 47211 0 0 0 0 0 0 0 0 0 0 0 45953 0 53194 44482 0 0 0 47364 0 0 54981 0 0 0 0 48327 0 0 45943 55368 0 46679 51002 54948 0 53967 47695 0 52214 55378 51626 0 51516 50393 47557 45755 0 46719 0 0 0 48966 53970 0 0 0 46924 0 0 48765 54226 49406 0 54538 0 0 50943 
49097 51924 47703 53787 0 0 0 0 0 54811 52473 48253 0 0 49391 0 0 52603 0 0 0 54074 0 0 0 46320 0 0 47639 51927 0 0 49415 50892 0 0 52069 0 0 0 0 0 50928 0 47346 0 0 0 44636 47789 51402 54199 51773 0 0 48934 0 0 0 45893 48374 0 52608 49759 0 47402 0 0 0 0 47974 46313 0 0 53035 45113 52760 0 45557 0 
48051 0 51655 0 48840 51775 0 53401 0 0 0 46134 0 49391 0 0 45205 0 53722 44900 0 0 53248 0 0 0 0 46606 0 0 0 0 49638 49565 47471 0 0 46962 0 0 49249 55412 0 0 0 47802 0 0 47145 50799 0 0 51221 46480 0 50053 0 45860 48325 0 0 45851 52681 53521 0 0 0 0 0 46163 0 51559 0 0 0 0 54920 0 0 50279 
46100 0 48663 0 0 54954 0 0 0 48108 0 0 0 0 0 0 47115 53769 0 0 46213 0 53298 0 0 46049 0 0 0 53606 0 45924 48702 0 51885 51467 53149 0 0 0 53483 0 0 48951 0 0 0 0 53997 0 0 48490 0 53838 53081 0 0 53796 53573 0 47045 0 45724 54500 0 0 0 53121 47248 52696 0 0 47607 0 0 0 0 48391 50763 49763 
44924 46624 54047 0 0 52593 0 46508 0 0 0 0 0 0 45205 47115 0 55035 46667 46761 0 53559 0 0 51873 0 48353 46869 0 0 51518 0 0 44603 0 0 0 0 0 50638 0 55086 52463 0 0 45651 53626 0 0 0 0 49514 0 53921 51961 0 54003 0 0 55488 45199 53904 0 0 0 51526 50720 0 0 0 45933 47916 0 49316 49369 0 49671 50068 48680 49813 
0 0 0 49772 0 0 0 0 0 0 0 0 0 52603 0 53769 55035 0 0 50728 54402 47706 0 49971 55212 0 0 50309 0 0 0 45719 55535 54851 55526 47572 44645 45105 48996 0 0 0 54804 45335 0 0 0 0 0 47410 0 0 50010 46978 53171 46368 53820 47116 0 0 0 53816 0 0 48171 0 47875 0 0 52587 0 0 0 54157 51102 0 0 54176 0 44564 
54388 0 0 0 0 54017 0 54875 0 47965 0 45409 0 0 53722 0 46667 0 0 0 0 0 52821 53197 55027 48901 0 0 0 0 45195 0 52717 52970 0 51876 54048 46524 52316 53384 44962 54953 45632 54488 0 0 0 46835 0 53054 0 48377 0 0 51741 0 49973 0 0 0 46012 0 0 0 0 51654 0 53297 0 52167 47501 53077 0 0 46418 0 53897 54954 55212 0 
0 0 0 0 46528 44729 47384 0 0 45935 50618 54206 0 0 44900 0 46761 50728 0 0 51685 0 0 47187 47376 46553 0 48986 48263 51878 0 46611 52505 0 52510 54301 51348 0 53385 0 0 0 0 0 52355 45937 54622 52976 0 0 46127 55078 0 51530 48587 53628 50318 0 0 49170 45483 46439 48802 47278 53830 0 46167 46957 51605 52603 51307 0 0 55423 52168 0 48399 0 48771 0 
0 47098 0 0 0 0 54589 0 54702 0 45246 0 0 0 0 46213 0 54402 0 51685 0 53107 54088 0 50582 54802 0 53661 0 0 53908 45846 0 0 46232 0 0 55215 0 48589 44719 45755 47564 52585 49385 45698 44569 0 0 46124 0 52779 45782 0 45840 0 55429 53476 44970 49907 54610 52930 47927 47313 51249 0 0 52046 0 0 47582 47863 52154 50892 0 0 0 0 46571 0 
49023 47420 47831 48841 44620 46651 53747 0 46670 53600 51275 0 0 54074 0 0 53559 47706 0 0 53107 0 0 0 0 0 54973 50706 0 0 45477 0 0 50202 0 0 0 47774 47391 51067 0 0 0 0 53955 48278 0 0 51460 54926 0 0 0 0 51530 51921 54094 47877 0 52759 47845 0 54823 0 0 0 46201 51095 0 0 51200 0 46250 0 0 0 0 0 52790 0 
0 48657 0 48573 0 54137 50837 0 0 50794 0 0 0 0 53248 53298 0 0 52821 0 54088 0 0 44728 0 48213 44874 0 0 0 0 49995 50074 54162 48919 0 0 49664 50129 0 0 50929 50986 0 52564 45750 46906 53715 51687 46029 0 44730 0 0 0 52098 47907 0 0 47663 46624 0 48887 0 0 0 54582 0 0 50965 0 47712 47362 51292 48079 52264 0 47267 51753 0 
46257 45824 0 53186 0 54939 53823 0 52885 51846 51179 45405 45953 0 0 0 0 49971 53197 47187 0 0 44728 0 0 0 50015 0 0 48511 0 0 52812 0 0 45973 54392 0 53021 0 45558 53895 0 0 0 48867 0 0 0 0 46423 46744 47570 48349 53073 51211 0 0 52669 51328 0 51863 0 53182 53025 51957 54530 0 45780 51267 0 55200 52516 47019 0 51688 0 44731 0 44893 
53293 0 0 0 0 0 51951 0 0 0 0 0 0 0 0 0 51873 55212 55027 47376 50582 0 0 0 0 45151 51526 0 0 44874 50372 51317 49846 47886 0 54886 44549 49059 48473 0 0 0 53103 47981 45609 45706 53949 53790 0 45166 48702 46254 49466 0 0 0 53372 0 54983 50513 46279 50921 47358 47338 0 50338 45074 0 45131 0 50472 0 0 0 54446 54676 0 0 47649 0 
46860 0 0 0 0 0 46083 51603 45858 50368 48487 51428 53194 46320 0 46049 0 0 48901 46553 54802 0 48213 0 45151 0 0 0 0 0 0 48908 46695 54744 53176 0 0 0 0 44593 0 54336 0 0 0 0 46667 0 51656 54187 44733 0 54363 51851 49525 53834 55021 49488 0 0 0 51191 47636 0 47325 46129 0 49816 0 0 53827 45181 50666 49501 0 54280 0 53290 0 45688 
49358 51366 0 0 45848 49719 0 53215 0 45082 55209 46514 44482 0 0 0 48353 0 0 0 0 54973 44874 50015 51526 0 0 0 50407 48035 54146 0 45651 0 45807 47080 47658 50355 0 55140 0 0 0 54189 0 0 52631 51616 0 0 51006 0 55103 46063 0 50981 0 45118 46591 45322 50330 0 0 0 0 53481 46508 0 0 0 0 45331 0 55037 0 48564 49602 54615 0 54467 
0 46069 0 0 45006 0 0 0 51675 0 47230 0 0 0 46606 0 46869 50309 0 48986 53661 50706 0 0 0 0 0 0 49813 0 0 48656 0 53560 0 0 54763 55525 49923 0 52498 52832 0 45037 45309 54714 48608 0 0 0 0 55409 49826 0 0 52547 0 45992 55143 0 0 0 52424 0 52741 51502 45400 55313 45876 52349 45547 54985 0 52444 45351 50808 0 50716 0 46696 
0 0 0 0 0 0 51602 46609 0 48397 0 0 0 47639 0 0 0 0 0 48263 0 0 0 0 0 0 50407 49813 0 0 0 47490 0 0 47016 50609 51991 0 0 0 0 46319 50881 0 0 0 0 45094 0 0 48688 44481 49848 0 51461 0 52244 0 52725 0 46625 46197 0 53499 54954 48907 52099 0 0 46568 47291 44848 0 0 46070 0 52592 48421 46465 44486 
0 0 0 0 0 50805 0 51067 46429 45784 53466 0 0 51927 0 53606 0 0 0 51878 0 0 0 48511 44874 0 48035 0 0 0 0 46352 48899 52975 44842 0 0 0 45505 0 0 0 53602 47233 0 0 0 0 48693 0 0 0 0 50170 47941 54999 0 0 54947 0 0 54138 47033 52190 0 48009 44823 0 47223 51238 46653 48880 0 0 0 54008 53449 0 45558 0 
54504 44870 0 0 50372 54656 0 0 46565 0 47109 0 47364 0 0 0 51518 0 45195 0 53908 45477 0 0 50372 0 54146 0 0 0 0 54662 0 45562 53134 46824 44843 46569 0 55104 49223 0 0 0 50115 0 0 0 51092 52133 0 48361 50352 0 54601 0 50147 47221 0 0 0 54562 47365 0 50474 0 0 52240 52599 47207 0 54411 49274 48255 55259 53204 0 0 0 0 
0 55000 52237 50384 0 48859 50973 0 46139 0 48918 0 0 0 0 45924 0 45719 0 46611 45846 0 49995 0 51317 48908 0 48656 47490 46352 54662 0 0 0 0 0 44547 0 48621 54806 0 0 0 47977 54446 0 0 44659 47145 0 51072 53830 0 49672 52923 50417 0 53625 0 49687 0 47726 0 51455 51522 0 44912 45860 0 54266 0 55322 0 54901 0 0 0 0 48834 0 
0 0 52068 0 0 48671 0 0 0 54924 0 46880 0 49415 49638 48702 0 55535 52717 52505 0 0 50074 52812 49846 46695 45651 0 0 48899 0 0 0 0 0 0 0 0 46850 45705 48211 51042 0 53007 0 0 0 0 0 0 49886 0 47266 55243 0 0 45647 0 0 0 52092 49752 0 50683 0 0 47398 0 0 0 55207 0 0 46742 0 0 45159 0 49130 46998 
52148 0 50979 46764 0 0 48114 49543 46983 46403 0 0 54981 50892 49565 0 44603 54851 52970 0 0 50202 54162 0 47886 54744 0 53560 0 52975 45562 0 0 0 0 50831 53442 50901 50378 54370 0 51397 0 50375 0 49570 46092 0 0 0 50808 0 49697 0 52972 44559 0 0 0 52664 0 0 50996 0 0 51910 46634 0 0 0 0 0 51246 0 0 0 51663 0 0 0 
0 52900 48215 53509 51563 0 0 46079 0 0 49013 0 0 0 47471 51885 0 55526 0 52510 46232 0 48919 0 0 53176 45807 0 47016 44842 53134 0 0 0 0 0 46295 0 48279 52491 0 0 48899 0 0 46267 47546 44692 0 0 47066 0 0 47786 51611 0 48256 44519 51654 0 0 0 44808 0 0 0 47652 0 0 0 50386 0 48755 46755 0 0 0 0 54880 0 
0 0 50331 0 53423 54348 45433 0 49409 0 45921 0 0 0 0 51467 0 47572 51876 54301 0 0 0 45973 54886 0 47080 0 50609 0 46824 0 0 50831 0 0 54756 47967 0 49652 0 0 0 0 54736 49173 0 0 45795 0 52891 0 0 0 0 46108 45189 0 52558 50157 0 0 0 0 50547 0 0 0 0 0 0 0 44907 53392 45042 45312 0 0 0 54151 
0 54768 0 0 0 54033 0 46399 46104 0 0 48212 0 52069 0 53149 0 44645 54048 51348 0 0 0 54392 44549 0 47658 54763 51991 0 44843 44547 0 53442 46295 54756 0 49882 51702 0 0 0 49269 0 0 53300 0 50141 0 50601 0 0 0 0 0 54629 44678 0 46373 51076 54330 45939 45401 0 0 0 0 51058 0 48718 54726 47772 50743 48359 53394 48074 0 54484 0 0 
0 0 48810 0 48749 53453 52361 0 47879 0 52623 46767 0 0 46962 0 0 45105 46524 0 55215 47774 49664 0 49059 0 50355 55525 0 0 46569 0 0 50901 0 47967 49882 0 0 46906 50318 47701 44705 0 47507 48408 55474 0 0 0 0 46407 53134 0 45176 46955 53785 0 0 0 45889 50039 51208 52627 50516 53758 0 47917 0 0 0 47304 0 45452 53006 0 0 55092 0 51655 
0 51301 0 0 48921 53733 52882 0 0 53630 55315 0 48327 0 0 0 0 48996 52316 53385 0 47391 50129 53021 48473 0 0 49923 0 45505 0 48621 46850 50378 48279 0 51702 0 0 49103 0 0 49868 46984 0 0 53680 45724 0 53628 0 53712 0 49656 0 0 0 0 45794 51697 0 0 53146 0 0 0 0 51189 46810 0 0 0 49446 54997 48990 0 0 52149 0 0 
49020 0 50180 0 46493 46067 53410 46509 46712 46168 47882 45638 0 0 0 0 50638 0 53384 0 48589 51067 0 0 0 44593 55140 0 0 0 55104 54806 45705 54370 52491 49652 0 46906 49103 0 0 48623 54921 44998 45682 45912 0 0 0 0 0 53333 53581 0 0 51387 52179 50966 0 45059 0 53072 0 0 0 51415 0 45977 44922 0 50153 49730 45031 0 46087 51572 49260 0 49075 0 
48649 54128 49234 0 53533 50272 47747 45063 44835 53251 55055 0 0 0 49249 53483 0 0 44962 0 44719 0 0 45558 0 0 0 52498 0 0 49223 0 48211 0 0 0 0 50318 0 0 0 47740 51847 0 0 48696 0 0 0 46832 45766 0 0 0 51894 0 0 46964 0 0 48507 52144 0 0 53731 45481 0 0 50183 46901 46429 46120 0 0 0 0 0 0 47387 0 
50128 0 50803 0 46856 46760 50436 0 0 54405 53356 45844 45943 0 55412 0 55086 0 54953 0 45755 0 50929 53895 0 54336 0 52832 46319 0 0 0 51042 51397 0 0 0 47701 0 48623 47740 0 44702 46384 0 48486 53353 0 51908 0 0 54035 51386 49955 50618 51870 0 0 52860 53412 51925 50183 0 49676 0 49022 50392 0 49742 0 49715 0 52692 0 50253 0 53749 49018 50948 51424 
53964 0 45887 51086 0 53196 45354 0 0 0 0 48111 55368 50928 0 0 52463 54804 45632 0 47564 0 50986 0 53103 0 0 0 50881 53602 0 0 0 0 48899 0 49269 44705 49868 54921 51847 44702 0 52521 0 0 0 0 0 0 0 0 0 55260 45144 0 45094 54809 0 51149 45175 44923 51398 0 0 0 0 49334 47828 47921 0 0 0 48144 0 48625 48620 0 0 54310 
54564 46203 55263 0 0 53811 51573 0 52131 51535 51869 0 0 0 0 48951 0 45335 54488 0 52585 0 0 0 47981 0 54189 45037 0 47233 0 47977 53007 50375 0 0 0 0 46984 44998 0 46384 52521 0 44635 0 45018 45312 0 0 50609 0 0 54620 0 47729 45267 44745 0 48490 53852 49795 0 44548 47406 0 0 51927 0 0 0 54486 0 48275 0 51443 45752 0 54033 49599 
47276 0 0 47964 0 54543 0 52757 0 0 0 48071 46679 47346 0 0 0 0 0 52355 49385 53955 52564 0 45609 0 0 45309 0 0 50115 54446 0 0 0 54736 0 47507 0 45682 0 0 0 44635 0 48813 0 50957 0 0 0 0 0 49811 49153 50613 0 45779 53787 0 50047 51949 54795 0 0 0 51468 0 0 0 0 0 53848 0 0 0 0 0 48422 53403 
47218 46948 0 44445 0 44869 0 51380 50301 50944 0 51623 51002 0 47802 0 45651 0 0 45937 45698 48278 45750 48867 45706 0 0 54714 0 0 0 0 0 49570 46267 49173 53300 48408 0 45912 48696 48486 0 0 48813 0 0 0 0 54286 51581 50848 54317 0 48084 53049 0 0 0 0 0 46310 51606 52616 47790 0 48612 47017 53720 0 0 49896 53518 0 48108 0 51311 46527 44724 46649 
0 46983 0 0 0 0 0 46650 0 46773 49770 0 54948 0 0 0 53626 0 0 54622 44569 0 46906 0 53949 46667 52631 48608 0 0 0 0 0 46092 47546 0 0 55474 53680 0 0 53353 0 45018 0 0 0 0 0 54908 0 0 53264 0 46235 46492 45818 45870 54400 51850 0 0 0 0 46762 0 0 50219 0 0 0 0 48034 0 50798 54295 45024 48750 0 0 
0 0 0 0 48741 49706 46373 0 0 53819 0 51649 0 0 0 0 0 0 46835 52976 0 0 53715 0 53790 0 51616 0 45094 0 0 44659 0 0 44692 0 50141 0 45724 0 0 0 0 45312 50957 0 0 0 0 0 49952 44772 46669 47193 0 0 54954 53264 52924 0 0 52821 53374 50718 49005 0 0 52677 48504 0 0 54106 51315 49386 0 0 0 49984 0 47333 
52091 55320 0 45390 0 52043 51581 0 0 0 0 48684 53967 44636 47145 53997 0 0 0 0 0 51460 51687 0 0 51656 0 0 0 48693 51092 47145 0 0 0 45795 0 0 0 0 0 51908 0 0 0 0 0 0 0 48115 47440 0 0 47939 0 0 50504 50193 0 46452 52838 44595 0 0 0 0 0 0 0 54358 50061 0 0 46424 46322 54198 52963 53609 0 0 
52554 0 45509 51702 52162 45036 0 51476 50661 0 0 52728 47695 47789 50799 0 0 47410 53054 0 46124 54926 46029 0 45166 54187 0 0 0 0 52133 0 0 0 0 0 50601 0 53628 0 46832 0 0 0 0 54286 54908 0 48115 0 46352 0 0 45684 0 0 0 48923 47458 0 46254 50428 0 52980 0 0 0 0 47281 0 47231 50466 48404 0 0 0 0 55024 0 0 
0 49894 0 52891 0 52000 0 49171 0 0 48174 48733 0 51402 0 0 0 0 0 46127 0 0 0 46423 48702 44733 51006 0 48688 0 0 51072 49886 50808 47066 52891 0 0 0 0 45766 0 0 50609 0 51581 0 49952 47440 46352 0 0 0 51209 0 49539 47063 48961 0 52554 46358 52714 44613 52367 45831 0 54550 0 0 0 50942 0 0 0 49123 48278 0 0 46478 53803 
49445 46929 47590 0 0 44509 0 45010 0 0 0 48821 52214 54199 0 48490 49514 0 48377 55078 52779 0 44730 46744 46254 0 0 55409 44481 0 48361 53830 0 0 0 0 0 46407 53712 53333 0 54035 0 0 0 50848 0 44772 0 0 0 0 0 0 0 49782 50282 0 53946 54064 0 0 0 46593 51021 0 55555 0 52723 48518 0 0 0 0 44850 48284 0 52247 0 54550 
0 0 0 0 0 0 0 50556 0 0 51285 48966 55378 51773 51221 0 0 50010 0 0 45782 0 0 47570 49466 54363 55103 49826 49848 0 50352 0 47266 49697 0 0 0 53134 0 53581 0 51386 0 0 0 54317 53264 46669 0 0 0 0 0 50378 0 0 51901 0 0 49856 0 0 49963 47372 50824 0 0 49648 0 48330 48427 50098 53404 0 0 50031 53691 47631 54195 0 
52739 45149 46606 0 45996 0 0 0 47405 48194 0 52892 51626 0 46480 53838 53921 46978 0 51530 0 0 0 48349 0 51851 46063 0 0 50170 0 49672 55243 0 47786 0 0 0 49656 0 0 49955 55260 54620 49811 0 0 47193 47939 45684 51209 0 50378 0 0 0 48238 0 0 0 0 46110 50592 0 47598 0 44538 49651 0 0 52427 44589 0 52143 52258 47178 0 0 0 46466 
44663 46021 45292 44763 50941 0 0 44656 46423 0 52604 0 0 0 0 53081 51961 53171 51741 48587 45840 51530 0 53073 0 49525 0 0 51461 47941 54601 52923 0 52972 51611 0 0 45176 0 0 51894 50618 45144 0 49153 48084 46235 0 0 0 0 0 0 0 0 52914 0 53771 46343 45945 45976 0 47503 48832 50078 48644 54306 55453 0 0 0 0 0 48300 0 46967 0 0 45320 50240 
48106 0 51409 0 0 47764 0 54518 0 0 55189 0 51516 48934 50053 0 0 46368 0 53628 0 51921 52098 51211 0 53834 50981 52547 0 54999 0 50417 0 44559 0 46108 54629 46955 0 51387 0 51870 0 47729 50613 53049 46492 0 0 0 49539 49782 0 0 52914 0 0 53641 0 55421 0 0 54758 55398 51198 0 0 0 0 44597 46749 0 49748 0 45698 0 0 0 0 0 
55472 0 50636 50717 0 0 51210 0 0 0 49295 0 50393 0 0 0 54003 53820 49973 50318 55429 54094 47907 0 53372 55021 0 0 52244 0 50147 0 45647 0 48256 45189 44678 53785 0 52179 0 0 45094 45267 0 0 45818 54954 50504 0 47063 50282 51901 48238 0 0 0 0 46413 55402 0 0 0 48092 51958 0 45217 46793 0 0 47681 47563 52518 45999 0 51432 45222 49693 46718 46816 
46522 52885 0 0 0 0 51289 0 0 0 44671 44581 47557 0 45860 53796 0 47116 0 0 53476 47877 0 0 0 49488 45118 45992 0 0 47221 53625 0 0 44519 0 0 0 0 50966 46964 0 54809 44745 45779 0 45870 53264 50193 48923 48961 0 0 0 53771 53641 0 0 0 46653 0 0 50694 44500 51465 53020 0 47947 53302 0 53601 53062 0 0 51231 0 51084 51952 0 0 
0 0 53264 53576 0 0 52250 55278 0 0 0 49598 45755 0 48325 53573 0 0 0 0 44970 0 0 52669 54983 0 46591 55143 52725 54947 0 0 0 0 51654 52558 46373 0 45794 0 0 52860 0 0 53787 0 54400 52924 0 47458 0 53946 0 0 46343 0 46413 0 0 0 46935 48402 51882 54472 51333 0 0 0 0 45546 49513 0 0 0 0 0 0 53566 46571 0 
52740 0 0 50637 0 0 0 46626 54902 53874 48847 0 0 45893 0 0 55488 0 0 49170 49907 52759 47663 51328 50513 0 45322 0 0 0 0 49687 0 52664 0 50157 51076 0 51697 45059 0 53412 51149 48490 0 0 51850 0 46452 0 52554 54064 49856 0 45945 55421 55402 46653 0 0 51367 0 0 0 51392 0 51637 54705 0 45463 0 54540 55547 51333 46420 0 0 0 45018 0 
0 49252 54241 50919 0 0 0 0 45298 0 51744 54307 46719 48374 0 47045 45199 0 46012 45483 54610 47845 46624 0 46279 0 50330 0 46625 0 0 0 52092 0 0 0 54330 45889 0 0 48507 51925 45175 53852 50047 0 0 0 52838 46254 46358 0 0 0 45976 0 0 0 46935 51367 0 46124 47938 55059 0 0 0 49606 0 0 50905 51812 52440 0 49488 55544 46092 54873 0 45455 
0 0 47381 0 0 52340 0 0 0 47427 0 46419 0 0 45851 0 53904 53816 0 46439 52930 0 0 51863 50921 51191 0 0 46197 54138 54562 47726 49752 0 0 0 45939 50039 0 53072 52144 50183 44923 49795 51949 46310 0 52821 44595 50428 52714 0 0 46110 0 0 0 0 48402 0 46124 0 52875 52362 47234 51485 49654 54310 53374 52346 54862 0 0 51600 0 0 0 0 54241 0 
0 48898 0 52426 0 0 48763 0 53542 50390 50536 54032 0 52608 52681 45724 0 0 0 48802 47927 54823 48887 0 47358 47636 0 52424 0 47033 47365 0 0 50996 44808 0 45401 51208 53146 0 0 0 51398 0 54795 51606 0 53374 0 0 44613 0 49963 50592 47503 54758 0 50694 51882 0 47938 52875 0 47559 55320 0 47421 0 0 0 0 0 46416 54802 52216 47042 0 0 0 0 
46828 48280 55472 51297 0 48326 0 48484 0 49832 0 54224 0 49759 53521 54500 0 0 0 47278 47313 0 0 53182 47338 0 0 0 53499 52190 0 51455 50683 0 0 0 0 52627 0 0 0 49676 0 44548 0 52616 0 50718 0 52980 52367 46593 47372 0 48832 55398 48092 44500 54472 0 55059 52362 47559 0 51953 0 51340 46406 0 0 46370 47152 49527 0 0 46922 0 0 44966 0 
46170 0 0 47224 51233 49163 51415 48790 0 54461 54736 51572 48966 0 0 0 0 48171 0 53830 51249 0 0 53025 0 47325 0 52741 54954 0 50474 51522 0 0 0 50547 0 50516 0 0 53731 0 0 47406 0 47790 46762 49005 0 0 45831 51021 50824 47598 50078 51198 51958 51465 51333 51392 0 47234 55320 51953 0 0 46227 0 0 0 48868 0 0 46243 0 0 0 47718 47239 51235 
50857 51575 44891 54077 0 0 54360 54852 0 46437 46985 0 53970 47402 0 0 51526 0 51654 0 0 0 0 51957 50338 46129 53481 51502 48907 48009 0 0 0 51910 0 0 0 53758 0 51415 45481 49022 0 0 0 0 0 0 0 0 0 0 0 0 48644 0 0 53020 0 0 0 51485 0 0 0 0 0 48128 45703 0 54561 55533 0 53287 0 0 50771 52811 46122 50249 
0 49635 0 52939 0 0 0 0 0 51859 46789 0 0 0 0 0 50720 47875 0 46167 0 46201 54582 54530 45074 0 46508 45400 52099 44823 0 44912 47398 46634 47652 0 0 0 0 0 0 50392 0 0 51468 48612 0 0 0 0 54550 55555 0 44538 54306 0 45217 0 0 51637 0 49654 47421 51340 46227 0 0 0 49566 45796 53302 0 54518 51103 55297 0 46553 0 50293 55356 
45026 0 54295 45628 48264 51183 0 46281 0 49282 46512 0 0 0 0 53121 0 0 53297 46957 52046 51095 0 0 0 49816 0 55313 0 0 52240 45860 0 0 0 0 51058 47917 51189 45977 0 0 49334 51927 0 47017 50219 52677 0 0 0 0 49648 49651 55453 0 46793 47947 0 54705 49606 54310 0 46406 0 48128 0 0 0 51495 0 0 0 46430 49283 0 52129 54387 0 0 
0 54253 0 0 51659 47569 44746 0 0 0 0 50938 0 0 0 47248 0 0 0 51605 0 0 0 45780 45131 0 0 45876 0 47223 52599 0 0 0 0 0 0 0 46810 44922 50183 49742 47828 0 0 53720 0 48504 0 47281 0 52723 0 0 0 0 0 53302 0 0 0 53374 0 0 0 45703 49566 0 0 55069 52338 0 0 0 46426 49418 0 48997 0 53318 
0 52285 0 45599 44832 0 54440 0 0 45265 0 47527 46924 0 46163 52696 0 52587 52167 52603 0 0 50965 51267 0 0 0 52349 46568 51238 47207 54266 0 0 0 0 48718 0 0 0 46901 0 47921 0 0 0 0 0 54358 0 0 48518 48330 0 0 44597 0 0 45546 45463 0 52346 0 0 0 0 45796 51495 55069 0 51112 51696 46857 0 0 0 0 49450 0 51218 
51075 47553 50465 44907 0 0 51107 0 46321 45766 45646 48220 0 47974 0 0 45933 0 47501 51307 47582 51200 0 0 50472 53827 0 45547 47291 46653 0 0 55207 0 50386 0 54726 0 0 50153 46429 49715 0 0 0 0 0 0 50061 47231 50942 0 48427 52427 0 46749 47681 53601 49513 0 50905 54862 0 46370 48868 54561 53302 0 52338 51112 0 0 44745 0 0 51749 45790 0 0 54755 
0 50151 0 0 0 0 50674 0 52344 0 45987 0 0 46313 51559 0 47916 0 53077 0 47863 0 47712 55200 0 45181 45331 54985 44848 48880 54411 55322 0 0 0 0 47772 47304 0 49730 46120 0 0 54486 0 49896 0 54106 0 50466 0 0 50098 44589 0 0 47563 53062 0 54540 51812 0 0 47152 0 55533 0 0 0 51696 0 0 45101 0 0 46085 49248 54412 0 45047 
46820 0 0 45327 45239 0 0 50003 0 0 0 0 48765 0 0 47607 0 0 0 0 52154 46250 47362 52516 0 50666 0 0 0 0 49274 0 0 51246 48755 44907 50743 0 49446 45031 0 52692 0 0 53848 53518 48034 51315 0 48404 0 0 53404 0 0 49748 52518 0 0 55547 52440 0 46416 49527 0 0 54518 0 0 46857 44745 45101 0 48413 49250 0 45541 51736 0 50930 
54258 53469 0 50662 0 0 0 0 48295 55322 0 54348 54226 0 0 0 49316 54157 0 55423 50892 0 51292 47019 0 49501 55037 52444 0 0 48255 54901 46742 0 46755 53392 48359 45452 54997 0 0 0 48144 48275 0 0 0 49386 46424 0 0 0 0 52143 48300 0 45999 0 0 51333 0 51600 54802 0 46243 53287 51103 46430 0 0 0 0 48413 0 0 48741 50388 53789 0 0 
45189 0 54931 0 54311 53656 54018 52443 0 44528 49498 49616 49406 53035 0 0 49369 51102 46418 52168 0 0 48079 0 54446 0 0 45351 46070 0 55259 0 0 0 0 45042 53394 53006 48990 46087 0 50253 0 0 0 48108 50798 0 46322 0 49123 44850 0 52258 0 45698 0 51231 0 46420 49488 0 52216 0 0 0 55297 49283 46426 0 0 0 49250 0 0 0 0 54659 48709 53904 
45913 0 52309 0 0 46841 47065 45009 0 0 0 0 0 45113 0 0 0 0 0 0 0 0 52264 51688 54676 54280 48564 50808 0 54008 53204 0 0 0 0 45312 48074 0 0 51572 0 0 48625 51443 0 0 54295 0 54198 0 48278 48284 50031 47178 46967 0 51432 0 0 0 55544 0 47042 46922 0 0 0 0 49418 0 51749 46085 0 48741 0 0 47096 52100 0 55378 
55276 0 0 0 53997 0 0 53859 0 0 45119 52430 54538 52760 54920 0 49671 0 53897 48399 0 0 0 0 0 0 49602 0 52592 53449 0 0 45159 51663 0 0 0 0 0 49260 0 53749 48620 45752 0 51311 45024 0 52963 0 0 0 53691 0 0 0 45222 51084 0 0 46092 0 0 0 0 50771 46553 52129 0 0 45790 49248 45541 50388 0 47096 0 0 51877 0 
45581 44573 0 0 48518 53677 0 47008 0 0 44709 0 0 0 0 48391 50068 54176 54954 0 0 0 47267 44731 0 53290 54615 50716 48421 0 0 0 0 0 0 0 54484 55092 52149 0 0 49018 0 0 0 46527 48750 49984 53609 55024 0 52247 47631 0 0 0 49693 51952 53566 0 54873 0 0 0 47718 52811 0 54387 48997 49450 0 54412 51736 53789 54659 52100 0 0 54839 49822 
0 0 0 48077 0 0 50241 0 0 0 54289 52559 0 45557 0 50763 48680 0 55212 48771 46571 52790 51753 0 47649 0 0 0 46465 45558 0 48834 49130 0 54880 0 0 0 0 49075 47387 50948 0 54033 48422 44724 0 0 0 0 46478 0 54195 0 45320 0 46718 0 46571 45018 0 54241 0 44966 47239 46122 50293 0 0 0 0 0 0 0 48709 0 51877 54839 0 0 
0 0 0 0 0 0 51168 45884 0 55033 49219 0 50943 0 50279 49763 49813 44564 0 0 0 0 0 44893 0 45688 54467 46696 44486 0 0 0 46998 0 0 54151 0 51655 0 0 0 51424 54310 49599 53403 46649 0 47333 0 0 53803 54550 0 46466 50240 0 46816 0 0 0 45455 0 0 0 51235 50249 55356 0 53318 51218 54755 45047 50930 0 53904 55378 0 49822 0 0 
